0	,	0
1	,	0
2	,	0
3	,	0
4	,	0
5	,	0
6	,	0
7	,	0
8	,	0
9	,	0
10	,	0
11	,	0
12	,	0
13	,	122
14	,	212
15	,	239
16	,	259
17	,	235
18	,	260
19	,	212
20	,	234
21	,	228
22	,	293
23	,	253
24	,	244
25	,	266
26	,	230
27	,	272
28	,	291
29	,	230
30	,	231
31	,	308
32	,	243
33	,	258
34	,	257
35	,	237
36	,	257
37	,	265
38	,	259
39	,	301
40	,	271
41	,	273
42	,	243
43	,	191
44	,	219
45	,	212
46	,	310
47	,	253
48	,	258
49	,	221
50	,	236
51	,	255
52	,	263
53	,	242
54	,	299
55	,	260
56	,	310
57	,	302
58	,	266
59	,	200
60	,	227
61	,	260
62	,	174
63	,	206
64	,	196
65	,	275
66	,	300
67	,	184
68	,	316
69	,	253
70	,	230
71	,	310
72	,	275
73	,	240
74	,	249
75	,	257
76	,	258
77	,	252
78	,	220
79	,	213
80	,	226
81	,	275
82	,	271
83	,	249
84	,	265
85	,	228
86	,	261
87	,	223
88	,	310
89	,	241
90	,	257
91	,	259
92	,	242
93	,	239
94	,	239
95	,	264
96	,	227
97	,	267
98	,	240
99	,	331
100	,	254
101	,	269
102	,	248
103	,	289
104	,	254
105	,	271
106	,	284
107	,	287
108	,	327
109	,	304
110	,	306
111	,	305
112	,	362
113	,	387
114	,	405
115	,	454
116	,	493
117	,	437
118	,	454
119	,	430
120	,	455
121	,	481
122	,	487
123	,	444
124	,	413
125	,	406
126	,	428
127	,	433
128	,	363
129	,	363
130	,	361
131	,	389
132	,	374
133	,	324
134	,	354
135	,	343
136	,	366
137	,	338
138	,	338
139	,	327
140	,	336
141	,	321
142	,	302
143	,	289
144	,	319
145	,	303
146	,	296
147	,	313
148	,	323
149	,	307
150	,	294
151	,	280
152	,	298
153	,	284
154	,	279
155	,	286
156	,	272
157	,	279
158	,	260
159	,	272
160	,	289
161	,	249
162	,	308
163	,	275
164	,	264
165	,	242
166	,	268
167	,	241
168	,	224
169	,	265
170	,	252
171	,	273
172	,	243
173	,	219
174	,	225
175	,	263
176	,	196
177	,	258
178	,	250
179	,	223
180	,	202
181	,	235
182	,	210
183	,	208
184	,	229
185	,	210
186	,	240
187	,	220
188	,	251
189	,	201
190	,	203
191	,	226
192	,	217
193	,	219
194	,	214
195	,	188
196	,	232
197	,	284
198	,	226
199	,	219
200	,	230
201	,	223
202	,	228
203	,	226
204	,	266
205	,	188
206	,	222
207	,	209
208	,	204
209	,	209
210	,	191
211	,	227
212	,	196
213	,	214
214	,	220
215	,	221
216	,	220
217	,	205
218	,	202
219	,	183
220	,	217
221	,	200
222	,	179
223	,	208
224	,	233
225	,	216
226	,	215
227	,	209
228	,	234
229	,	206
230	,	202
231	,	197
232	,	205
233	,	208
234	,	221
235	,	222
236	,	224
237	,	211
238	,	201
239	,	212
240	,	209
241	,	208
242	,	199
243	,	214
244	,	214
245	,	222
246	,	215
247	,	197
248	,	219
249	,	218
250	,	204
251	,	230
252	,	199
253	,	198
254	,	190
255	,	250
256	,	206
257	,	223
258	,	195
259	,	228
260	,	234
261	,	197
262	,	197
263	,	194
264	,	200
265	,	219
266	,	210
267	,	213
268	,	204
269	,	213
270	,	224
271	,	211
272	,	205
273	,	207
274	,	189
275	,	219
276	,	207
277	,	192
278	,	208
279	,	227
280	,	221
281	,	226
282	,	224
283	,	252
284	,	245
285	,	212
286	,	201
287	,	234
288	,	181
289	,	214
290	,	214
291	,	207
292	,	196
293	,	207
294	,	206
295	,	190
296	,	219
297	,	222
298	,	183
299	,	235
300	,	204
301	,	193
302	,	218
303	,	204
304	,	219
305	,	214
306	,	208
307	,	236
308	,	211
309	,	218
310	,	218
311	,	224
312	,	187
313	,	228
314	,	212
315	,	220
316	,	200
317	,	204
318	,	218
319	,	200
320	,	194
321	,	220
322	,	237
323	,	222
324	,	234
325	,	206
326	,	225
327	,	194
328	,	198
329	,	235
330	,	232
331	,	223
332	,	214
333	,	238
334	,	230
335	,	220
336	,	261
337	,	222
338	,	247
339	,	243
340	,	195
341	,	200
342	,	219
343	,	218
344	,	234
345	,	221
346	,	247
347	,	198
348	,	215
349	,	253
350	,	243
351	,	231
352	,	235
353	,	238
354	,	222
355	,	237
356	,	242
357	,	238
358	,	242
359	,	189
360	,	255
361	,	195
362	,	215
363	,	238
364	,	242
365	,	235
366	,	244
367	,	241
368	,	232
369	,	217
370	,	199
371	,	233
372	,	227
373	,	223
374	,	264
375	,	248
376	,	238
377	,	230
378	,	260
379	,	265
380	,	267
381	,	227
382	,	237
383	,	218
384	,	248
385	,	234
386	,	250
387	,	258
388	,	229
389	,	234
390	,	261
391	,	254
392	,	257
393	,	221
394	,	262
395	,	276
396	,	289
397	,	244
398	,	256
399	,	218
400	,	267
401	,	267
402	,	259
403	,	255
404	,	268
405	,	291
406	,	265
407	,	257
408	,	271
409	,	264
410	,	262
411	,	253
412	,	280
413	,	245
414	,	284
415	,	287
416	,	255
417	,	269
418	,	268
419	,	276
420	,	302
421	,	271
422	,	300
423	,	273
424	,	285
425	,	291
426	,	275
427	,	291
428	,	312
429	,	315
430	,	289
431	,	315
432	,	290
433	,	299
434	,	277
435	,	292
436	,	270
437	,	311
438	,	296
439	,	315
440	,	288
441	,	308
442	,	303
443	,	268
444	,	317
445	,	290
446	,	313
447	,	305
448	,	293
449	,	340
450	,	306
451	,	318
452	,	310
453	,	284
454	,	301
455	,	277
456	,	294
457	,	303
458	,	295
459	,	296
460	,	284
461	,	268
462	,	286
463	,	296
464	,	273
465	,	278
466	,	253
467	,	258
468	,	267
469	,	234
470	,	238
471	,	238
472	,	238
473	,	225
474	,	197
475	,	229
476	,	229
477	,	238
478	,	231
479	,	227
480	,	226
481	,	192
482	,	216
483	,	193
484	,	185
485	,	203
486	,	194
487	,	213
488	,	190
489	,	182
490	,	201
491	,	198
492	,	190
493	,	194
494	,	155
495	,	169
496	,	198
497	,	165
498	,	182
499	,	196
500	,	165
501	,	174
502	,	188
503	,	181
504	,	168
505	,	169
506	,	192
507	,	175
508	,	194
509	,	173
510	,	180
511	,	153
512	,	191
513	,	164
514	,	178
515	,	171
516	,	178
517	,	183
518	,	168
519	,	191
520	,	176
521	,	187
522	,	171
523	,	157
524	,	152
525	,	157
526	,	167
527	,	174
528	,	170
529	,	169
530	,	157
531	,	156
532	,	141
533	,	157
534	,	148
535	,	125
536	,	145
537	,	138
538	,	137
539	,	131
540	,	126
541	,	126
542	,	126
543	,	128
544	,	116
545	,	114
546	,	112
547	,	124
548	,	101
549	,	112
550	,	117
551	,	128
552	,	127
553	,	123
554	,	140
555	,	203
556	,	182
557	,	186
558	,	203
559	,	246
560	,	250
561	,	273
562	,	317
563	,	351
564	,	342
565	,	399
566	,	388
567	,	447
568	,	513
569	,	537
570	,	511
571	,	558
572	,	621
573	,	648
574	,	623
575	,	654
576	,	685
577	,	656
578	,	695
579	,	690
580	,	643
581	,	654
582	,	636
583	,	568
584	,	544
585	,	569
586	,	493
587	,	500
588	,	496
589	,	401
590	,	398
591	,	317
592	,	350
593	,	293
594	,	290
595	,	206
596	,	218
597	,	190
598	,	153
599	,	132
600	,	111
601	,	120
602	,	85
603	,	69
604	,	59
605	,	53
606	,	46
607	,	27
608	,	26
609	,	26
610	,	29
611	,	24
612	,	21
613	,	18
614	,	18
615	,	20
616	,	15
617	,	15
618	,	19
619	,	23
620	,	23
621	,	20
622	,	27
623	,	34
624	,	38
625	,	29
626	,	39
627	,	51
628	,	62
629	,	60
630	,	96
631	,	89
632	,	108
633	,	139
634	,	133
635	,	162
636	,	181
637	,	189
638	,	242
639	,	243
640	,	256
641	,	306
642	,	294
643	,	330
644	,	399
645	,	392
646	,	390
647	,	435
648	,	448
649	,	475
650	,	534
651	,	472
652	,	527
653	,	515
654	,	495
655	,	510
656	,	537
657	,	535
658	,	479
659	,	478
660	,	452
661	,	463
662	,	410
663	,	385
664	,	399
665	,	380
666	,	343
667	,	326
668	,	291
669	,	280
670	,	232
671	,	211
672	,	218
673	,	192
674	,	158
675	,	125
676	,	108
677	,	93
678	,	91
679	,	93
680	,	65
681	,	66
682	,	49
683	,	39
684	,	38
685	,	27
686	,	28
687	,	18
688	,	22
689	,	20
690	,	12
691	,	16
692	,	7
693	,	19
694	,	9
695	,	6
696	,	3
