   0        0 000
   1        0 000
   2        0 000
   3        0 000
   4        0 000
   5        0 000
   6        0 000
   7        0 000
   8        0 000
   9        0 000
  10        0 000
  11        0 000
  12        0 000
  13      173 000
  14      317 000
  15      342 000
  16      375 000
  17      351 000
  18      385 000
  19      355 000
  20      387 000
  21      380 000
  22      449 000
  23      428 000
  24      416 000
  25      439 000
  26      421 000
  27      458 000
  28      475 000
  29      439 000
  30      474 000
  31      555 001
  32      500 001
  33      542 001
  34      583 001
  35      574 001
  36      627 001
  37      661 001
  38      691 001
  39      762 001
  40      747 001
  41      792 001
  42      789 001
  43      749 001
  44      840 001
  45      838 001
  46      988 001
  47      964 001
  48      931 001
  49      861 001
  50      889 001
  51      894 001
  52      879 001
  53      889 001
  54      918 001
  55      891 001
  56      896 001
  57      906 001
  58      861 001
  59      795 001
  60      813 001
  61      824 001
  62      743 001
  63      762 001
  64      755 001
  65      806 001
  66      818 001
  67      718 001
  68      837 001
  69      750 001
  70      733 001
  71      799 001
  72      754 001
  73      726 001
  74      738 001
  75      725 001
  76      712 001
  77      704 001
  78      671 001
  79      628 001
  80      655 001
  81      692 001
  82      688 001
  83      655 001
  84      651 001
  85      597 001
  86      629 001
  87      600 001
  88      660 001
  89      596 001
  90      597 000
  91      588 000
  92      555 000
  93      577 000
  94      557 000
  95      554 000
  96      550 000
  97      567 000
  98      546 000
  99      608 000
 100      527 000
 101      552 000
 102      514 000
 103      568 000
 104      516 000
 105      528 000
 106      532 000
 107      543 002
 108      585 002
 109      537 002
 110      540 002
 111      543 002
 112      592 002
 113      607 002
 114      631 002
 115      659 002
 116      696 002
 117      654 002
 118      652 002
 119      624 002
 120      670 002
 121      691 002
 122      692 002
 123      648 002
 124      616 002
 125      609 002
 126      640 002
 127      629 002
 128      559 002
 129      559 002
 130      545 002
 131      574 002
 132      540 002
 133      488 002
 134      517 002
 135      495 002
 136      512 002
 137      475 002
 138      472 002
 139      449 000
 140      470 000
 141      442 000
 142      434 000
 143      419 000
 144      442 000
 145      420 000
 146      414 000
 147      427 000
 148      438 000
 149      427 000
 150      408 000
 151      391 000
 152      413 000
 153      386 000
 154      396 000
 155      394 000
 156      373 000
 157      369 000
 158      353 000
 159      376 000
 160      383 000
 161      344 000
 162      398 000
 163      369 000
 164      352 000
 165      326 000
 166      356 000
 167      326 000
 168      311 000
 169      339 000
 170      332 000
 171      348 000
 172      323 000
 173      300 000
 174      301 000
 175      339 000
 176      284 000
 177      328 000
 178      326 000
 179      302 000
 180      287 000
 181      317 000
 182      286 000
 183      291 000
 184      303 000
 185      281 000
 186      310 000
 187      287 000
 188      322 000
 189      261 000
 190      265 000
 191      281 000
 192      278 000
 193      276 000
 194      271 000
 195      248 000
 196      284 000
 197      330 000
 198      272 000
 199      263 000
 200      278 000
 201      268 000
 202      276 000
 203      273 000
 204      310 000
 205      231 000
 206      265 000
 207      255 000
 208      246 000
 209      256 000
 210      231 000
 211      270 000
 212      239 000
 213      260 000
 214      263 000
 215      259 000
 216      262 000
 217      248 000
 218      238 000
 219      228 000
 220      251 000
 221      243 000
 222      216 000
 223      245 000
 224      268 000
 225      256 000
 226      253 000
 227      243 000
 228      267 000
 229      242 000
 230      241 000
 231      228 000
 232      241 000
 233      239 000
 234      251 000
 235      256 000
 236      257 000
 237      248 000
 238      238 000
 239      243 000
 240      239 000
 241      237 000
 242      236 000
 243      244 000
 244      241 000
 245      249 000
 246      247 000
 247      230 000
 248      249 000
 249      247 000
 250      230 000
 251      262 000
 252      231 000
 253      227 000
 254      222 000
 255      280 000
 256      238 000
 257      250 000
 258      224 000
 259      253 000
 260      259 000
 261      228 000
 262      226 000
 263      224 000
 264      232 000
 265      243 000
 266      239 000
 267      244 000
 268      231 000
 269      240 000
 270      251 000
 271      237 000
 272      230 000
 273      233 000
 274      211 000
 275      245 000
 276      230 000
 277      218 000
 278      231 000
 279      254 000
 280      249 000
 281      250 000
 282      245 000
 283      277 000
 284      268 000
 285      235 000
 286      226 000
 287      257 000
 288      207 000
 289      232 000
 290      240 000
 291      232 000
 292      225 000
 293      239 000
 294      233 000
 295      215 000
 296      246 000
 297      246 000
 298      214 000
 299      263 000
 300      237 000
 301      221 000
 302      244 000
 303      238 000
 304      246 000
 305      240 000
 306      234 000
 307      258 000
 308      238 000
 309      244 000
 310      239 000
 311      249 000
 312      210 000
 313      253 000
 314      233 000
 315      245 000
 316      219 000
 317      230 000
 318      237 000
 319      220 000
 320      216 000
 321      236 000
 322      253 000
 323      238 000
 324      251 000
 325      223 000
 326      244 000
 327      210 000
 328      212 000
 329      250 000
 330      248 000
 331      237 000
 332      229 000
 333      252 000
 334      246 000
 335      237 000
 336      276 000
 337      236 000
 338      260 000
 339      258 000
 340      215 000
 341      216 000
 342      230 000
 343      231 000
 344      254 000
 345      236 000
 346      267 000
 347      211 000
 348      230 000
 349      267 000
 350      257 000
 351      246 000
 352      251 000
 353      257 000
 354      240 000
 355      250 000
 356      258 000
 357      254 000
 358      258 000
 359      205 000
 360      267 000
 361      210 000
 362      227 000
 363      250 000
 364      257 000
 365      249 000
 366      259 000
 367      254 000
 368      243 000
 369      234 000
 370      216 000
 371      249 000
 372      244 000
 373      237 000
 374      281 000
 375      265 000
 376      251 000
 377      243 000
 378      274 000
 379      278 000
 380      279 000
 381      239 000
 382      250 000
 383      231 000
 384      262 000
 385      245 000
 386      263 000
 387      271 000
 388      242 000
 389      249 000
 390      277 000
 391      262 000
 392      275 000
 393      236 000
 394      278 000
 395      291 000
 396      301 000
 397      254 000
 398      269 000
 399      230 000
 400      280 000
 401      282 000
 402      271 000
 403      267 000
 404      279 000
 405      304 000
 406      278 000
 407      272 000
 408      283 000
 409      279 000
 410      273 000
 411      265 000
 412      290 000
 413      257 000
 414      296 000
 415      296 000
 416      266 000
 417      280 000
 418      278 000
 419      285 000
 420      313 000
 421      282 000
 422      309 000
 423      283 000
 424      297 000
 425      300 000
 426      284 000
 427      298 000
 428      323 000
 429      326 000
 430      301 000
 431      327 000
 432      300 000
 433      309 000
 434      285 000
 435      303 000
 436      285 000
 437      320 000
 438      308 000
 439      325 000
 440      299 000
 441      318 000
 442      314 000
 443      279 000
 444      328 000
 445      303 000
 446      322 000
 447      315 000
 448      306 000
 449      349 000
 450      320 000
 451      329 000
 452      322 000
 453      296 000
 454      315 000
 455      292 000
 456      305 000
 457      315 000
 458      307 000
 459      310 000
 460      295 000
 461      283 000
 462      298 000
 463      308 000
 464      283 000
 465      288 000
 466      268 000
 467      272 000
 468      278 000
 469      247 000
 470      249 000
 471      248 000
 472      247 000
 473      235 000
 474      208 000
 475      242 000
 476      241 000
 477      251 000
 478      240 000
 479      238 000
 480      239 000
 481      199 000
 482      226 000
 483      204 000
 484      197 000
 485      214 000
 486      206 000
 487      222 000
 488      203 000
 489      190 000
 490      206 000
 491      209 000
 492      198 000
 493      203 000
 494      163 000
 495      178 000
 496      204 000
 497      173 000
 498      190 000
 499      202 000
 500      175 000
 501      181 000
 502      196 000
 503      192 000
 504      178 000
 505      177 000
 506      203 000
 507      183 000
 508      202 000
 509      181 000
 510      189 000
 511      160 000
 512      200 000
 513      173 000
 514      188 000
 515      179 000
 516      188 000
 517      193 000
 518      176 000
 519      200 000
 520      185 000
 521      198 000
 522      179 000
 523      165 000
 524      161 000
 525      166 000
 526      173 000
 527      183 000
 528      177 000
 529      176 000
 530      168 000
 531      162 000
 532      150 000
 533      165 000
 534      155 000
 535      134 000
 536      154 000
 537      146 000
 538      147 000
 539      141 000
 540      134 000
 541      134 000
 542      135 000
 543      134 000
 544      122 000
 545      123 000
 546      119 000
 547      133 000
 548      110 000
 549      123 000
 550      129 003
 551      140 003
 552      136 003
 553      133 003
 554      149 003
 555      211 003
 556      192 003
 557      194 003
 558      213 003
 559      257 003
 560      260 003
 561      282 003
 562      326 003
 563      361 003
 564      354 003
 565      409 003
 566      396 003
 567      458 003
 568      522 003
 569      547 003
 570      522 003
 571      565 003
 572      631 003
 573      656 003
 574      630 003
 575      662 003
 576      693 003
 577      665 003
 578      701 003
 579      697 003
 580      653 003
 581      662 003
 582      645 003
 583      576 003
 584      553 003
 585      577 003
 586      502 003
 587      508 003
 588      503 003
 589      408 003
 590      407 003
 591      324 003
 592      359 003
 593      300 003
 594      295 003
 595      215 003
 596      224 003
 597      196 003
 598      160 003
 599      140 003
 600      119 003
 601      127 003
 602       92 003
 603       74 003
 604       63 003
 605       57 003
 606       53 003
 607       33 003
 608       33 003
 609       31 003
 610       36 003
 611       31 003
 612       25 003
 613       22 003
 614       23 000
 615       23 000
 616       18 000
 617       20 000
 618       22 004
 619       28 004
 620       29 004
 621       24 004
 622       31 004
 623       40 004
 624       42 004
 625       33 004
 626       42 004
 627       55 004
 628       65 004
 629       63 004
 630      102 004
 631       90 004
 632      112 004
 633      142 004
 634      137 004
 635      164 004
 636      184 004
 637      192 004
 638      246 004
 639      246 004
 640      260 004
 641      310 004
 642      297 004
 643      333 004
 644      403 004
 645      394 004
 646      394 004
 647      438 004
 648      450 004
 649      479 004
 650      537 004
 651      475 004
 652      530 004
 653      518 004
 654      499 004
 655      513 004
 656      540 004
 657      538 004
 658      482 004
 659      481 004
 660      455 004
 661      466 004
 662      413 004
 663      387 004
 664      402 004
 665      383 004
 666      346 004
 667      328 004
 668      293 004
 669      281 004
 670      234 004
 671      213 004
 672      222 004
 673      195 004
 674      160 004
 675      127 004
 676      111 004
 677       97 004
 678       95 004
 679       98 004
 680       67 004
 681       70 004
 682       51 004
 683       43 004
 684       42 004
 685       32 004
 686       32 004
 687       23 004
 688       25 004
 689       24 004
 690       18 000
 691       22 000
 692       13 000
 693       24 000
 694       15 000
 695       14 000
 696       13 000
 697       13 000
 698        8 000
 699       21 000
 700       17 000
 701       14 000
 702       15 000
 703       18 000
 704       19 000
 705       21 000
 706       26 000
 707       20 000
 708       20 000
 709       25 000
 710       21 000
 711        9 000
 712       22 000
 713       17 000
 714       18 000
 715       15 000
 716       23 000
 717       30 000
 718       18 000
 719       21 000
 720       16 000
 721       19 000
 722       17 000
 723       24 000
 724       18 000
 725       25 000
 726       16 000
 727       13 000
 728       22 000
 729       20 000
 730       13 000
 731       13 000
 732       10 000
 733       13 000
 734       12 000
 735       12 000
 736       15 000
 737        5 000
 738       13 000
 739        9 000
 740       10 000
 741        9 000
 742       11 000
 743        9 000
 744        5 000
 745        5 000
 746        4 000
 747        4 000
 748        9 000
 749        4 000
 750       11 000
 751       12 000
 752        5 000
 753        4 000
 754        4 000
 755        6 000
 756        4 000
 757        1 000
 758        8 000
 759        6 000
 760        8 000
 761        4 000
 762        4 000
 763        4 000
 764        9 000
 765        6 000
 766        6 000
 767        9 000
 768       11 000
 769        6 000
 770        6 000
 771        5 000
 772        6 000
 773        5 000
 774        5 000
 775        7 000
 776        6 000
 777        4 000
 778        6 000
 779        6 000
 780        4 000
 781        8 000
 782        4 000
 783        3 000
 784        3 000
 785        3 000
 786        7 000
 787        4 000
 788        3 000
 789        5 000
 790        5 000
 791        6 000
 792        3 000
 793        6 000
 794        6 000
 795        6 000
 796        5 000
 797        6 000
 798        5 000
 799        2 000
 800        6 000
 801        5 000
 802        5 000
 803        4 000
 804        6 000
 805        2 000
 806        5 000
 807        3 000
 808        2 000
 809        7 000
 810        4 000
 811        7 000
 812        1 000
 813        4 000
 814        4 000
 815        6 000
 816        5 000
 817        4 000
 818        7 000
 819        3 000
 820        4 000
 821        2 000
 822        2 000
 823        5 000
 824        6 000
 825        8 000
 826        3 000
 827        7 000
 828        6 000
 829        5 000
 830        4 000
 831        4 000
 832        3 000
 833        1 000
 834        3 000
 835        1 000
 836        2 000
 837        3 000
 838        4 000
 839        4 000
 840        7 000
 841        3 000
 842        3 000
 843        1 000
 844        5 000
 845        7 000
 846        3 000
 847        3 000
 848        3 000
 849        5 000
 850        3 000
 851        5 000
 852        5 000
 853        1 000
 854        5 000
 855        5 000
 856        9 000
 857        4 000
 858        7 000
 859        8 000
 860        5 000
 861        8 000
 862        3 000
 863        6 000
 864        6 000
 865        2 000
 866        4 000
 867        2 000
 868        2 000
 869        2 000
 870        3 000
 871        2 000
 872        1 000
 873        6 000
 874        3 000
 875        1 000
 876        6 000
 877        3 000
 878        4 000
 879        4 000
 880        6 000
 881        3 000
 882        3 000
 883        5 000
 884        7 000
 885        5 000
 886        4 000
 887        2 000
 888        7 000
 889        3 000
 890        2 000
 891        7 000
 892        9 000
 893        3 000
 894        3 000
 895        4 000
 896        7 000
 897        3 000
 898        5 000
 899        4 000
 900        2 000
 901        5 000
 902        3 000
 903        3 000
 904        2 000
 905        1 000
 906        3 000
 907        6 000
 908        0 000
 909        1 000
 910        2 000
 911        3 000
 912        4 000
 913        6 000
 914        3 000
 915        3 000
 916        4 000
 917        2 000
 918        2 000
 919        3 000
 920        4 000
 921        2 000
 922        1 000
 923        4 000
 924        4 000
 925        3 000
 926        5 000
 927        2 000
 928        5 000
 929        6 000
 930        2 000
 931        4 000
 932        4 000
 933        4 000
 934        5 000
 935        2 000
 936        0 000
 937        3 000
 938        0 000
 939        5 000
 940        4 000
 941        6 000
 942        0 000
 943        3 000
 944        3 000
 945        1 000
 946        2 000
 947        4 000
 948        5 000
 949        4 000
 950        3 000
 951        3 000
 952        4 000
 953        2 000
 954        4 000
 955        3 000
 956        3 000
 957        2 000
 958        6 000
 959        2 000
 960        1 000
 961        3 000
 962        5 000
 963        3 000
 964        2 000
 965        4 000
 966        6 000
 967        3 000
 968        3 000
 969        2 000
 970        2 000
 971        4 000
 972        1 000
 973        2 000
 974        4 000
 975        3 000
 976        1 000
 977        1 000
 978        6 000
 979        3 000
 980        4 000
 981        4 000
 982        4 000
 983        2 000
 984        3 000
 985        2 000
 986        1 000
 987        2 000
 988        3 000
 989        3 000
 990        2 000
 991        4 000
 992        4 000
 993        1 000
 994        0 000
 995        2 000
 996        1 000
 997        3 000
 998        2 000
 999        2 000
1000        3 000
1001        2 000
1002        2 000
1003        4 000
1004        4 000
1005        3 000
1006        5 000
1007        2 000
1008        6 000
1009        3 000
1010        2 000
1011        0 000
1012        4 000
1013        1 000
1014        4 000
1015        3 000
1016        8 000
1017        4 000
1018        4 000
1019        0 000
1020        2 000
1021        2 000
1022        0 000
1023        4 000
