2.9	100.3	0.1	5.007494383
3	101.3	0.1	5.032395056
3.1	97	0.1	4.924428901
3.2	86	0.1	4.636809248
3.3	85.8	0.1	4.631414471
3.4	79.8	0.1	4.466542287
3.5	77	0.1	4.387482194
3.6	71.8	0.1	4.236744033
3.7	73.5	0.1	4.28660705
3.8	73.8	0.1	4.295346319
3.9	74.3	0.1	4.309872388
4	62.8	0.1	3.962322551
4.1	71	0.1	4.213074887
4.2	64	0.1	4
4.3	70.8	0.1	4.207136794
4.4	72.8	0.1	4.266145802
4.5	71.8	0.1	4.236744033
4.6	75	0.1	4.330127019
4.7	67.5	0.1	4.107919181
4.8	74	0.1	4.301162634
4.9	84	0.1	4.582575695
5	89.3	0.1	4.724933862
5.1	93.8	0.1	4.842520005
5.2	97.8	0.1	4.944694126
5.3	91	0.1	4.769696007
5.4	100	0.1	5
5.5	110	0.1	5.244044241
5.6	108.3	0.1	5.203364296
5.7	105.8	0.1	5.142956348
5.8	116.3	0.1	5.392123886
5.9	107.8	0.1	5.191338941
6	111.8	0.1	5.286775955
6.1	119.8	0.1	5.472659317
6.2	120.3	0.1	5.484067833
6.3	130.3	0.1	5.70745127
6.4	118	0.1	5.431390246
6.5	121.8	0.1	5.518151865
6.6	126.8	0.1	5.630275304
6.7	131.3	0.1	5.729310604
6.8	136	0.1	5.830951895
6.9	137.8	0.1	5.869412236
7	149.3	0.1	6.109418958
7.1	134	0.1	5.787918451
7.2	143.8	0.1	5.995831886
7.3	145	0.1	6.020797289
7.4	149	0.1	6.103277808
7.5	135.8	0.1	5.826662853
7.6	144.5	0.1	6.01040764
7.7	146.3	0.1	6.047726846
7.8	142.5	0.1	5.968668193
7.9	147.5	0.1	6.072478901
8	133.8	0.1	5.783597496
8.1	146.5	0.1	6.051859218
8.2	148.3	0.1	6.088924371
8.3	134.3	0.1	5.794393842
8.4	144.5	0.1	6.01040764
8.5	146.5	0.1	6.051859218
8.6	140.5	0.1	5.926634796
8.7	154	0.1	6.204836823
8.8	183.3	0.1	6.769416518
8.9	186.5	0.1	6.828250142
9	199	0.1	7.05336799
9.1	210.5	0.1	7.254309064
9.2	207	0.1	7.193747285
9.3	178.8	0.1	6.68580586
9.4	178.5	0.1	6.680194608
9.5	168.5	0.1	6.490377493
9.6	150.3	0.1	6.129845023
9.7	166.8	0.1	6.457553716
9.8	194.8	0.1	6.978538529
9.9	230.3	0.1	7.587819186
10	264	0.1	8.124038405
10.1	249.5	0.1	7.897784499
10.2	265.3	0.1	8.144016208
10.3	255	0.1	7.984359711
10.4	228	0.1	7.549834435
10.5	207.8	0.1	7.207634841
10.6	192.5	0.1	6.937218463
10.7	158.3	0.1	6.290866395
10.8	105	0.1	5.123475383
10.9	103.5	0.1	5.086747487
11	106.8	0.1	5.167204273
11.1	92.5	0.1	4.808846015
11.2	96.8	0.1	4.91934955
11.3	93.5	0.1	4.834769901
11.4	91.3	0.1	4.777551674
11.5	95.5	0.1	4.886205071
11.6	86.8	0.1	4.65832588
11.7	88.3	0.1	4.698403984
11.8	91.3	0.1	4.777551674
11.9	94.3	0.1	4.855409355
12	94	0.1	4.847679857
12.1	86.3	0.1	4.644889665
12.2	85.3	0.1	4.617899956
12.3	93	0.1	4.82182538
12.4	95.5	0.1	4.886205071
12.5	83	0.1	4.55521679
12.6	85	0.1	4.609772229
12.7	84.3	0.1	4.590751572
12.8	90.3	0.1	4.751315607
12.9	95	0.1	4.873397172
13	84.5	0.1	4.596194078
13.1	79.8	0.1	4.466542287
13.2	84.3	0.1	4.590751572
13.3	80.5	0.1	4.486089611
13.4	78.5	0.1	4.430011287
13.5	75.3	0.1	4.33877863
13.6	86.5	0.1	4.650268809
13.7	77.5	0.1	4.401704215
13.8	81.5	0.1	4.513867521
13.9	84.5	0.1	4.596194078
14	79.3	0.1	4.452527372
14.1	89.5	0.1	4.730221982
14.2	74.3	0.1	4.309872388
14.3	81.8	0.1	4.522167622
14.4	77	0.1	4.387482194
14.5	88.3	0.1	4.698403984
14.6	81.3	0.1	4.508325632
14.7	81.3	0.1	4.508325632
14.8	74.5	0.1	4.315669125
14.9	72	0.1	4.242640687
15	71.3	0.1	4.221966367
15.1	71.3	0.1	4.221966367
15.2	67.5	0.1	4.107919181
15.3	75	0.1	4.330127019
15.4	75.8	0.1	4.353159772
15.5	65.8	0.1	4.055859958
15.6	61.5	0.1	3.921096785
15.7	64.5	0.1	4.015594601
15.8	68.5	0.1	4.138236339
15.9	65.8	0.1	4.055859958
16	79.3	0.1	4.452527372
16.1	75.5	0.1	4.344536799
16.2	69.3	0.1	4.162331078
16.3	75.8	0.1	4.353159772
16.4	84	0.1	4.582575695
16.5	81.3	0.1	4.508325632
16.6	76.5	0.1	4.373213921
16.7	75.3	0.1	4.33877863
16.8	72.5	0.1	4.257346591
16.9	83	0.1	4.55521679
17	77.3	0.1	4.396020928
17.1	72	0.1	4.242640687
17.2	58	0.1	3.807886553
17.3	64	0.1	4
17.4	63.3	0.1	3.978064856
17.5	53	0.1	3.640054945
17.6	58	0.1	3.807886553
17.7	66.3	0.1	4.071240597
17.8	64	0.1	4
17.9	65.5	0.1	4.046603514
18	62.3	0.1	3.946517452
18.1	55.5	0.1	3.724916106
18.2	61.5	0.1	3.921096785
18.3	56.3	0.1	3.751666296
18.4	61.5	0.1	3.921096785
18.5	60.3	0.1	3.882653732
18.6	59.3	0.1	3.850324662
18.7	59.3	0.1	3.850324662
18.8	53.5	0.1	3.65718471
18.9	56.8	0.1	3.768288736
19	51.3	0.1	3.581200916
19.1	53.8	0.1	3.667424164
19.2	51.5	0.1	3.588175024
19.3	54.5	0.1	3.691205765
19.4	53.8	0.1	3.667424164
19.5	58.3	0.1	3.817721834
19.6	55.5	0.1	3.724916106
19.7	50.5	0.1	3.553167601
19.8	52.8	0.1	3.633180425
19.9	50.3	0.1	3.546124645
20	58.5	0.1	3.824264635
20.1	57.8	0.1	3.801315562
20.2	58.5	0.1	3.824264635
20.3	58.8	0.1	3.834057903
20.4	66	0.1	4.062019202
20.5	66.8	0.1	4.086563348
20.6	75.3	0.1	4.33877863
20.7	69	0.1	4.153311931
20.8	60.5	0.1	3.889087297
20.9	52.8	0.1	3.633180425
21	52.8	0.1	3.633180425
21.1	54.5	0.1	3.691205765
21.2	49.3	0.1	3.510697936
21.3	51.8	0.1	3.598610843
21.4	44.3	0.1	3.327912258
21.5	49.8	0.1	3.528455753
21.6	53.8	0.1	3.667424164
21.7	39.5	0.1	3.142451272
21.8	50	0.1	3.535533906
21.9	43.3	0.1	3.290136775
22	45.3	0.1	3.365263734
22.1	46.5	0.1	3.409545424
22.2	49.5	0.1	3.51781182
22.3	43.3	0.1	3.290136775
22.4	46.5	0.1	3.409545424
22.5	50	0.1	3.535533906
22.6	48.5	0.1	3.482097069
22.7	47.3	0.1	3.438749773
22.8	46.5	0.1	3.409545424
22.9	42.3	0.1	3.251922508
23	50	0.1	3.535533906
23.1	45.5	0.1	3.372684391
23.2	47.5	0.1	3.446012188
23.3	42.8	0.1	3.271085447
23.4	45.3	0.1	3.365263734
23.5	47.8	0.1	3.456877203
23.6	41.8	0.1	3.232645975
23.7	41	0.1	3.201562119
23.8	44.3	0.1	3.327912258
23.9	44.3	0.1	3.327912258
24	45.8	0.1	3.383784863
24.1	44	0.1	3.31662479
24.2	44.8	0.1	3.346640106
24.3	45.5	0.1	3.372684391
24.4	40	0.1	3.16227766
24.5	43	0.1	3.278719262
24.6	33	0.1	2.872281323
24.7	42.5	0.1	3.259601203
24.8	39.5	0.1	3.142451272
24.9	39.3	0.1	3.134485604
25	38.5	0.1	3.102418411
25.1	42.8	0.1	3.271085447
25.2	41.8	0.1	3.232645975
25.3	43.5	0.1	3.29772649
25.4	42.3	0.1	3.251922508
25.5	35.3	0.1	2.970690156
25.6	43	0.1	3.278719262
25.7	40.3	0.1	3.17411405
25.8	39.8	0.1	3.154362059
25.9	36.8	0.1	3.033150178
26	40	0.1	3.16227766
26.1	39.8	0.1	3.154362059
26.2	38.5	0.1	3.102418411
26.3	32.5	0.1	2.850438563
26.4	42.5	0.1	3.259601203
26.5	31.8	0.1	2.819574436
26.6	41.3	0.1	3.213253803
26.7	33	0.1	2.872281323
26.8	35	0.1	2.958039892
26.9	43.3	0.1	3.290136775
27	43.8	0.1	3.309078422
27.1	38	0.1	3.082207001
27.2	40.3	0.1	3.17411405
27.3	38.8	0.1	3.1144823
27.4	39.3	0.1	3.134485604
27.5	42.5	0.1	3.259601203
27.6	38.8	0.1	3.1144823
27.7	38.3	0.1	3.094349689
27.8	40.3	0.1	3.17411405
27.9	35.5	0.1	2.979093822
28	34	0.1	2.915475947
28.1	32.3	0.1	2.841654448
28.2	34.3	0.1	2.928310093
28.3	42	0.1	3.240370349
28.4	35.3	0.1	2.970690156
28.5	28	0.1	2.645751311
28.6	31.8	0.1	2.819574436
28.7	39.3	0.1	3.134485604
28.8	30	0.1	2.738612788
28.9	31	0.1	2.783882181
29	31.3	0.1	2.797320146
29.1	35.5	0.1	2.979093822
29.2	37.5	0.1	3.061862178
29.3	26.8	0.1	2.588435821
29.4	37	0.1	3.041381265
29.5	36	0.1	3
29.6	30.5	0.1	2.761340254
29.7	29.8	0.1	2.729468813
29.8	29.8	0.1	2.729468813
29.9	32.8	0.1	2.863564213
30	29.3	0.1	2.706473721
30.1	34.8	0.1	2.949576241
30.2	30.8	0.1	2.774887385
30.3	34	0.1	2.915475947
30.4	33.3	0.1	2.885307609
30.5	33	0.1	2.872281323
30.6	29	0.1	2.692582404
30.7	35.8	0.1	2.99165506
30.8	28.3	0.1	2.659887216
30.9	28	0.1	2.645751311
31	29.3	0.1	2.706473721
31.1	32.8	0.1	2.863564213
31.2	26.3	0.1	2.564176281
31.3	32.3	0.1	2.841654448
31.4	32	0.1	2.828427125
31.5	33	0.1	2.872281323
31.6	32.8	0.1	2.863564213
31.7	31.5	0.1	2.80624304
31.8	34	0.1	2.915475947
31.9	24	0.1	2.449489743
32	32.3	0.1	2.841654448
32.1	30.8	0.1	2.774887385
32.2	31.3	0.1	2.797320146
32.3	29.5	0.1	2.715695123
32.4	26	0.1	2.549509757
32.5	27.3	0.1	2.612470096
32.6	23.8	0.1	2.439262184
32.7	29.8	0.1	2.729468813
32.8	29.8	0.1	2.729468813
32.9	26.3	0.1	2.564176281
33	27.8	0.1	2.636285265
33.1	27	0.1	2.598076211
33.2	24	0.1	2.449489743
33.3	26.8	0.1	2.588435821
33.4	25.3	0.1	2.514955268
33.5	25.8	0.1	2.53968502
33.6	28.5	0.1	2.669269563
33.7	29.5	0.1	2.715695123
33.8	29.5	0.1	2.715695123
33.9	28.8	0.1	2.683281573
34	28.8	0.1	2.683281573
34.1	24.8	0.1	2.48997992
34.2	31.5	0.1	2.80624304
34.3	23.8	0.1	2.439262184
34.4	28.5	0.1	2.669269563
34.5	27.8	0.1	2.636285265
34.6	24.5	0.1	2.474873734
34.7	28.8	0.1	2.683281573
34.8	20.3	0.1	2.252776065
34.9	25.8	0.1	2.53968502
35	26.5	0.1	2.573907535
