  0        0 000
   1        0 000
   2        0 000
   3        0 000
   4        0 000
   5        0 000
   6        0 000
   7        0 000
   8        0 000
   9        3 000
  10        0 000
  11        6 000
  12        1 000
  13        4 000
  14        4 000
  15        5 000
  16        6 000
  17        7 000
  18       12 000
  19        3 000
  20        4 000
  21        3 000
  22        7 000
  23        7 000
  24        8 000
  25        2 000
  26        8 000
  27        3 000
  28        1 000
  29        7 000
  30        3 000
  31        3 000
  32        6 000
  33        8 000
  34        4 000
  35        7 000
  36        7 000
  37        9 000
  38       10 000
  39        4 000
  40        4 000
  41        8 000
  42        3 000
  43       10 000
  44        5 000
  45        5 000
  46        8 000
  47        9 000
  48        4 000
  49        9 000
  50        4 000
  51       11 000
  52        7 000
  53        8 000
  54        5 000
  55        4 000
  56        5 000
  57        6 000
  58        7 000
  59        5 000
  60        5 000
  61        6 001
  62        5 001
  63        8 001
  64        5 001
  65        6 001
  66        6 001
  67        5 001
  68        7 001
  69        8 001
  70        9 001
  71        6 001
  72        9 001
  73        4 001
  74        7 001
  75        6 001
  76        3 001
  77        2 001
  78        1 001
  79        3 000
  80        0 000
  81        0 000
  82        6 000
  83        6 000
  84        8 000
  85        5 000
  86        4 000
  87        8 000
  88        8 000
  89        7 000
  90        8 000
  91        8 000
  92        4 000
  93        2 000
  94        5 000
  95        8 000
  96       14 000
  97        4 000
  98        9 000
  99        8 000
 100        5 000
 101        5 000
 102        5 000
 103        5 000
 104       10 000
 105        9 000
 106        8 000
 107        7 000
 108        5 000
 109        6 000
 110        7 000
 111        7 000
 112        8 000
 113        8 000
 114        2 000
 115        7 000
 116        6 000
 117        7 000
 118        8 000
 119        5 000
 120        6 000
 121        5 000
 122        8 000
 123        5 000
 124        9 000
 125        8 000
 126        9 000
 127        9 000
 128        6 000
 129        7 000
 130       13 000
 131        9 000
 132       10 000
 133        9 000
 134        6 000
 135        7 000
 136        9 000
 137       10 000
 138       10 000
 139       11 000
 140        6 000
 141       13 000
 142        8 000
 143       12 000
 144        6 000
 145       11 000
 146        9 000
 147       14 000
 148        8 000
 149       16 000
 150        8 000
 151        6 000
 152       11 000
 153        6 000
 154        8 000
 155        7 000
 156       10 000
 157       12 000
 158        4 000
 159        6 000
 160        5 000
 161       10 000
 162       15 000
 163        7 000
 164       11 000
 165        8 000
 166        8 000
 167        8 000
 168       10 000
 169       18 000
 170       14 000
 171       13 000
 172       12 000
 173       10 000
 174        7 000
 175       15 000
 176        8 000
 177       10 000
 178       11 000
 179       11 000
 180       13 000
 181       13 000
 182       10 000
 183       14 000
 184        9 000
 185       13 000
 186        7 000
 187       15 000
 188       12 000
 189        9 000
 190       14 000
 191        7 000
 192       12 000
 193        6 000
 194       10 000
 195       13 000
 196       10 000
 197       18 000
 198       17 000
 199       13 000
 200       19 000
 201       14 000
 202       16 000
 203        8 000
 204        8 000
 205       10 000
 206       10 000
 207        8 000
 208       13 000
 209       10 000
 210       15 000
 211       14 000
 212       13 000
 213       16 000
 214       20 000
 215        7 000
 216       16 002
 217       11 002
 218        9 002
 219       14 002
 220       24 002
 221       16 002
 222       15 002
 223       11 002
 224       14 002
 225       16 002
 226       16 002
 227       16 002
 228       16 000
 229       18 000
 230       13 000
 231       17 000
 232       14 000
 233       10 000
 234       13 000
 235       14 000
 236       21 000
 237       13 000
 238       19 000
 239       24 000
 240       20 000
 241       13 000
 242       15 000
 243       12 000
 244       16 000
 245       22 000
 246       17 000
 247       22 000
 248       15 000
 249       16 000
 250       18 000
 251       22 000
 252       21 000
 253       21 000
 254       19 000
 255       19 000
 256       16 000
 257       17 000
 258       16 000
 259       20 000
 260       18 000
 261       12 000
 262       22 000
 263       19 000
 264       26 000
 265       18 000
 266       20 000
 267       19 000
 268       27 000
 269       14 000
 270       18 000
 271       18 000
 272       21 000
 273       24 000
 274       17 000
 275       25 000
 276       13 000
 277       23 000
 278       18 000
 279       23 000
 280       27 000
 281       21 000
 282       29 000
 283       18 003
 284       19 003
 285       26 003
 286       14 003
 287       22 003
 288       27 003
 289       22 003
 290       25 003
 291       33 003
 292       24 003
 293       25 003
 294       28 003
 295       31 003
 296       31 003
 297       29 003
 298       19 003
 299       40 003
 300       28 003
 301       33 003
 302       27 003
 303       28 003
 304       26 003
 305       34 003
 306       35 003
 307       32 003
 308       22 003
 309       27 003
 310       29 003
 311       25 003
 312       28 003
 313       23 003
 314       41 003
 315       21 003
 316       37 000
 317       30 000
 318       31 000
 319       36 000
 320       35 000
 321       42 000
 322       34 000
 323       36 000
 324       22 000
 325       23 000
 326       31 000
 327       41 000
 328       33 000
 329       30 000
 330       37 000
 331       36 000
 332       32 000
 333       43 000
 334       37 000
 335       44 000
 336       34 000
 337       35 000
 338       41 000
 339       50 000
 340       42 000
 341       50 000
 342       38 000
 343       40 000
 344       42 000
 345       46 000
 346       44 000
 347       39 000
 348       46 000
 349       37 000
 350       48 000
 351       44 000
 352       46 000
 353       51 000
 354       49 000
 355       47 000
 356       45 000
 357       48 000
 358       42 000
 359       61 000
 360       53 000
 361       51 000
 362       63 000
 363       51 000
 364       62 004
 365       50 004
 366       62 004
 367       50 004
 368       68 004
 369       60 004
 370       69 004
 371       71 004
 372       65 004
 373       57 004
 374       70 004
 375       73 004
 376       56 004
 377       81 004
 378       67 004
 379       61 004
 380       64 004
 381       59 004
 382       74 004
 383       73 004
 384       76 004
 385       64 004
 386       58 004
 387       66 004
 388       75 004
 389       87 000
 390       83 000
 391       72 000
 392       88 000
 393       94 000
 394       83 000
 395      108 000
 396       83 000
 397       88 000
 398       95 000
 399       89 000
 400       83 000
 401       96 000
 402       96 000
 403       99 000
 404       85 000
 405      104 000
 406      100 000
 407      109 000
 408      101 000
 409      118 000
 410      122 000
 411      120 000
 412      103 000
 413      123 000
 414      122 000
 415      148 000
 416      151 000
 417      131 000
 418      170 000
 419      192 000
 420      185 000
 421      219 000
 422      231 000
 423      224 000
 424      281 000
 425      291 000
 426      310 000
 427      335 000
 428      343 000
 429      345 000
 430      354 000
 431      287 000
 432      240 000
 433      233 000
 434      239 000
 435      233 000
 436      232 000
 437      224 000
 438      202 000
 439      221 000
 440      227 000
 441      254 000
 442      255 000
 443      294 000
 444      289 000
 445      294 000
 446      349 000
 447      406 000
 448      449 000
 449      517 000
 450      593 000
 451      720 000
 452      835 000
 453      942 000
 454     1091 000
 455     1292 000
 456     1403 000
 457     1608 000
 458     1674 000
 459     1772 000
 460     1691 000
 461     1627 000
 462     1545 000
 463     1291 000
 464     1141 000
 465      983 000
 466      879 000
 467      962 000
 468      926 000
 469     1018 000
 470     1174 000
 471     1428 000
 472     1668 000
 473     2027 000
 474     2454 000
 475     3050 000
 476     3880 000
 477     4789 000
 478     5763 000
 479     6697 000
 480     7746 000
 481     8543 000
 482     9020 000
 483     9436 000
 484     9001 000
 485     8282 000
 486     7134 000
 487     5681 000
 488     4396 000
 489     2998 000
 490     1952 000
 491     1210 000
 492      749 000
 493      449 000
 494      275 000
 495      184 000
 496      146 000
 497      118 000
 498      100 000
 499      104 000
 500       78 000
 501       97 000
 502       84 000
 503       66 000
 504       79 000
 505       72 000
 506       46 000
 507       54 000
 508       61 000
 509       56 000
 510       39 000
 511       57 000
 512       50 000
 513       60 005
 514       63 005
 515       45 005
 516       57 005
 517       57 005
 518       37 005
 519       40 005
 520       41 005
 521       19 005
 522       18 005
 523        9 005
 524        7 005
 525        0 005
 526        4 005
 527        1 005
 528        0 005
 529        0 005
 530        2 005
 531        0 005
 532        0 005
 533        0 005
 534        0 005
 535        0 005
 536        0 005
 537        0 005
 538        0 005
 539        0 005
 540        0 005
 541        0 005
 542        0 005
 543        0 005
 544        0 005
 545        0 005
 546        0 000
 547        0 000
 548        0 000
 549        0 000
 550        0 000
 551        0 000
 552        0 000
 553        0 000
 554        0 000
 555        0 000
 556        0 000
 557        0 000
 558        0 000
 559        0 000
 560        0 000
 561        0 000
 562        0 000
 563        0 006
 564        0 006
 565        0 006
 566        0 006
 567        0 006
 568        0 006
 569        0 006
 570        0 006
 571        0 006
 572        0 006
 573        0 006
 574        0 006
 575        0 006
 576        0 006
 577        0 006
 578        0 006
 579        0 006
 580        0 006
 581        0 006
 582        0 000
 583        0 000
 584        0 000
 585        0 000
 586        0 000
 587        0 000
 588        0 000
 589        0 000
 590        0 000
 591        0 000
 592        0 000
 593        0 000
 594        0 000
 595        0 000
 596        0 000
 597        0 000
 598        0 000
 599        0 000
 600        0 000
 601        0 000
 602        0 000
 603        0 000
 604        0 000
 605        0 000
 606        0 000
 607        0 000
 608        0 000
 609        0 000
 610        0 000
 611        0 000
 612        0 000
 613        0 000
 614        0 000
 615        0 000
 616        0 000
 617        0 000
 618        0 000
 619        0 000
 620        0 000
 621        0 000
 622        0 000
 623        0 000
 624        0 000
 625        0 000
 626        0 000
 627        0 000
 628        0 000
 629        0 000
 630        0 000
 631        0 000
 632        0 000
 633        0 000
 634        0 000
 635        0 000
 636        0 000
 637        0 000
 638        0 000
 639        0 000
 640        0 000
 641        0 000
 642        0 000
 643        0 000
 644        0 000
 645        0 000
 646        0 000
 647        0 000
 648        0 000
 649        0 000
 650        0 000
 651        0 000
 652        0 000
 653        0 000
 654        0 000
 655        0 000
 656        0 000
 657        0 000
 658        0 000
 659        0 000
 660        0 000
 661        0 000
 662        0 000
 663        0 000
 664        0 000
 665        0 000
 666        0 000
 667        0 000
 668        1 000
 669        0 000
 670        0 000
 671        0 000
 672        0 000
 673        0 000
 674        0 000
 675        0 000
 676        0 000
 677        0 000
 678        0 000
 679        0 000
 680        0 000
 681        0 000
 682        0 000
 683        0 000
 684        0 000
 685        0 000
 686        0 000
 687        0 000
 688        0 000
 689        0 000
 690        0 000
 691        0 000
 692        0 000
 693        0 000
 694        0 000
 695        0 000
 696        0 000
 697        0 000
 698        0 000
 699        0 000
 700        0 000
 701        0 000
 702        0 000
 703        0 000
 704        0 000
 705        0 000
 706        0 000
 707        0 000
 708        0 000
 709        0 000
 710        0 000
 711        0 000
 712        0 000
 713        0 000
 714        0 000
 715        0 000
 716        0 000
 717        0 000
 718        0 000
 719        0 000
 720        0 000
 721        0 000
 722        0 000
 723        0 000
 724        0 000
 725        0 000
 726        0 000
 727        0 000
 728        0 000
 729        0 000
 730        0 000
 731        0 000
 732        0 000
 733        0 000
 734        0 000
 735        0 000
 736        0 000
 737        0 000
 738        0 000
 739        0 000
 740        0 000
 741        0 007
 742        0 007
 743        0 007
 744        0 007
 745        0 007
 746        0 007
 747        0 007
 748        0 007
 749        0 007
 750        0 007
 751        0 007
 752        0 007
 753        0 007
 754        0 007
 755        0 007
 756        0 007
 757        0 007
 758        0 007
 759        0 007
 760        0 007
 761        0 007
 762        0 000
 763        0 000
 764        0 000
 765        0 000
 766        0 000
 767        0 000
 768        0 000
 769        0 000
 770        0 000
 771        0 000
 772        0 000
 773        0 000
 774        0 000
 775        0 000
 776        0 000
 777        0 000
 778        0 000
 779        0 000
 780        0 000
 781        0 000
 782        0 000
 783        0 000
 784        0 000
 785        0 000
 786        0 000
 787        0 000
 788        0 000
 789        0 000
 790        0 000
 791        0 000
 792        0 000
 793        0 000
 794        0 000
 795        0 000
 796        0 000
 797        0 000
 798        0 000
 799        0 008
 800        0 008
 801        0 008
 802        0 008
 803        0 008
 804        0 008
 805        0 008
 806        0 008
 807        0 008
 808        0 008
 809        0 008
 810        0 008
 811        0 008
 812        0 008
 813        0 000
 814        0 000
 815        0 000
 816        0 000
 817        0 000
 818        0 000
 819        0 000
 820        0 000
 821        0 000
 822        0 000
 823        0 000
 824        0 000
 825        0 000
 826        0 000
 827        0 000
 828        0 000
 829        0 000
 830        0 000
 831        0 000
 832        0 000
 833        0 000
 834        0 000
 835        0 000
 836        0 000
 837        0 000
 838        0 000
 839        0 000
 840        0 000
 841        0 000
 842        0 000
 843        0 000
 844        0 000
 845        0 000
 846        0 000
 847        0 000
 848        0 000
 849        0 000
 850        0 000
 851        0 000
 852        0 000
 853        0 000
 854        0 009
 855        0 009
 856        0 009
 857        0 009
 858        0 009
 859        0 009
 860        0 009
 861        0 009
 862        0 009
 863        0 009
 864        0 009
 865        0 009
 866        0 009
 867        0 000
 868        0 000
 869        0 000
 870        0 000
 871        0 000
 872        0 000
 873        0 000
 874        0 000
 875        0 000
 876        0 000
 877        0 000
 878        0 000
 879        0 000
 880        0 000
 881        0 000
 882        0 000
 883        0 000
 884        0 000
 885        0 000
 886        0 000
 887        0 000
 888        0 000
 889        0 000
 890        0 000
 891        0 000
 892        0 000
 893        0 000
 894        0 000
 895        0 000
 896        0 000
 897        0 000
 898        0 000
 899        0 000
 900        0 000
 901        0 000
 902        0 000
 903        0 000
 904        0 000
 905        0 000
 906        0 000
 907        0 000
 908        0 000
 909        0 000
 910        0 000
 911        0 000
 912        0 000
 913        0 000
 914        0 000
 915        0 000
 916        0 000
 917        0 000
 918        0 000
 919        0 000
 920        0 000
 921        0 000
 922        0 000
 923        0 000
 924        0 000
 925        0 000
 926        0 000
 927        0 000
 928        0 000
 929        0 000
 930        0 000
 931        0 000
 932        0 000
 933        0 000
 934        0 000
 935        0 000
 936        0 000
 937        0 000
 938        0 000
 939        0 000
 940        0 000
 941        0 000
 942        0 000
 943        0 000
 944        0 000
 945        0 000
 946        0 000
 947        0 000
 948        0 000
 949        0 000
 950        0 000
 951        0 000
 952        0 000
 953        0 000
 954        0 000
 955        0 000
 956        0 000
 957        0 000
 958        0 000
 959        0 000
 960        0 000
 961        0 000
 962        0 000
 963        0 000
 964        0 000
 965        0 000
 966        0 000
 967        0 000
 968        0 000
 969        0 000
 970        0 000
 971        0 000
 972        0 000
 973        0 000
 974        0 000
 975        0 000
 976        0 000
 977        0 010
 978        0 010
 979        0 010
 980        0 010
 981        0 010
 982        0 010
 983        0 010
 984        0 010
 985        0 010
 986        0 010
 987        0 010
 988        0 010
 989        0 010
 990        0 010
 991        0 010
 992        0 010
 993        0 010
 994        0 000
 995        0 000
 996        0 000
 997        0 000
 998        0 000
 999        0 000
1000        0 000
1001        0 000
1002        0 000
1003        0 000
1004        0 000
1005        0 000
1006        0 000
1007        0 000
1008        0 000
1009        0 000
1010        0 000
1011        0 000
1012        0 000
1013        0 000
1014        0 000
1015        0 000
1016        0 000
1017        0 000
1018        0 000
1019        0 000
1020        0 000
1021        0 000
1022        0 000
1023        0 000
