 0        0 000
   1        0 000
   2        0 000
   3        0 000
   4        0 000
   5        3 000
   6       61 000
   7     1529 000
   8     2423 000
   9     3418 000
  10     3733 000
  11     2928 000
  12     2545 000
  13     2464 000
  14     2212 000
  15     2818 000
  16     2033 000
  17     1005 000
  18      833 000
  19      539 000
  20      464 000
  21      459 000
  22      447 000
  23      429 000
  24      434 000
  25      457 000
  26      474 000
  27      636 000
  28      725 000
  29      928 000
  30     1096 000
  31     1298 000
  32     1388 000
  33     1644 000
  34     1728 000
  35     1708 000
  36     1696 000
  37     1712 000
  38     1592 000
  39     1655 000
  40     1539 000
  41     1498 000
  42     1457 000
  43     1430 000
  44     1248 000
  45     1249 000
  46     1177 000
  47     1192 000
  48     1115 000
  49     1097 000
  50     1035 000
  51      962 000
  52      905 000
  53      887 000
  54      864 000
  55      824 000
  56      825 000
  57      790 000
  58      775 000
  59      716 000
  60      727 000
  61      698 000
  62      662 000
  63      662 000
  64      665 000
  65      637 000
  66      646 000
  67      663 000
  68      624 000
  69      621 000
  70      609 000
  71      558 000
  72      571 000
  73      631 000
  74      599 000
  75      561 000
  76      557 000
  77      581 000
  78      568 000
  79      546 000
  80      583 000
  81      587 000
  82      505 000
  83      583 000
  84      479 000
  85      525 000
  86      495 000
  87      455 000
  88      455 000
  89      459 000
  90      421 000
  91      464 000
  92      457 000
  93      483 000
  94      418 000
  95      442 000
  96      430 000
  97      455 000
  98      382 000
  99      431 000
 100      433 000
 101      469 000
 102      622 000
 103     1901 000
 104     2778 000
 105     1044 000
 106      374 000
 107      372 000
 108      358 000
 109      339 000
 110      299 000
 111      313 000
 112      312 000
 113      327 000
 114      314 000
 115      329 000
 116      303 000
 117      311 000
 118      362 000
 119      683 000
 120      726 000
 121      393 000
 122      431 000
 123      360 000
 124      290 000
 125      237 000
 126      254 000
 127      262 000
 128      257 000
 129      260 000
 130      225 000
 131      212 000
 132      257 000
 133      256 000
 134      237 000
 135      236 000
 136      221 000
 137      253 000
 138      231 000
 139      213 000
 140      232 000
 141      236 000
 142      232 000
 143      188 000
 144      208 000
 145      199 000
 146      215 000
 147      194 000
 148      209 000
 149      212 000
 150      216 000
 151      196 000
 152      188 000
 153      183 000
 154      198 000
 155      168 000
 156      160 000
 157      177 000
 158      166 000
 159      175 000
 160      172 000
 161      160 000
 162      147 000
 163      171 000
 164      137 000
 165      161 000
 166      150 000
 167      152 000
 168      130 000
 169      147 000
 170      137 000
 171      151 000
 172      115 000
 173      149 000
 174      147 000
 175      124 000
 176      124 000
 177      134 000
 178      127 000
 179      135 000
 180      117 000
 181      117 000
 182      113 000
 183      113 000
 184      106 000
 185      108 000
 186      119 000
 187      113 000
 188      111 000
 189      121 000
 190      105 000
 191       90 000
 192       76 000
 193       85 000
 194       93 000
 195       92 000
 196      100 000
 197       84 000
 198       71 000
 199       87 000
 200       98 000
 201       90 000
 202      107 000
 203       97 000
 204       83 000
 205       91 000
 206       85 000
 207       81 000
 208       74 000
 209       80 000
 210      288 000
 211      746 000
 212      434 000
 213       71 000
 214       20 000
 215       22 000
 216       17 000
 217       20 000
 218        8 000
 219       20 000
 220       11 000
 221       19 000
 222       11 000
 223       14 000
 224       14 000
 225       12 000
 226       61 000
 227      112 000
 228       58 000
 229       47 000
 230       34 000
 231        8 000
 232        0 000
 233        3 000
 234        1 000
 235        1 000
 236        0 000
 237        0 000
 238        1 000
 239        1 000
 240        0 000
 241        0 000
 242        1 000
 243        1 000
 244        1 000
 245        0 000
 246        1 000
 247        0 000
 248        1 000
 249        0 000
 250        0 000
 251        0 000
 252        1 000
 253        1 000
 254        2 000
 255        1 000
 256        1 000
 257        1 000
 258        1 000
 259        0 000
 260        0 000
 261        0 000
 262        0 000
 263        0 000
 264        0 000
 265        1 000
 266        0 000
 267        1 000
 268        0 000
 269        0 000
 270        0 000
 271        0 000
 272        0 000
 273        0 000
 274        0 000
 275        0 000
 276        0 000
 277        0 000
 278        0 000
 279        0 000
 280        0 000
 281        0 000
 282        1 000
 283        0 000
 284        0 000
 285        1 000
 286        0 000
 287        0 000
 288        1 000
 289        0 000
 290        0 000
 291        0 000
 292        0 000
 293        0 000
 294        1 000
 295        0 000
 296        0 000
 297        0 000
 298        0 000
 299        0 000
 300        1 000
 301        0 000
 302        0 000
 303        0 000
 304        0 000
 305        0 000
 306        0 000
 307        0 000
 308        0 000
 309        0 000
 310        0 000
 311        0 000
 312        0 000
 313        0 000
 314        0 000
 315        0 000
 316        1 000
 317        0 000
 318        0 000
 319        0 000
