         0.1        0.046          0.1        0.001
         0.7        0.044          0.1        0.001
         1.3         0.04          0.1        0.001
         1.6        0.038          0.1        0.001
         2.3        0.034          0.1        0.001
           3        0.032          0.1        0.001
         3.8        0.029          0.1        0.001
         4.3        0.028          0.1        0.001
         4.9        0.024          0.1        0.001
         5.6        0.023          0.1        0.001
         6.2         0.02          0.1        0.001
         6.9        0.019          0.1        0.001
         7.5        0.017          0.1        0.001
           8        0.015          0.1        0.001
         8.8        0.014          0.1        0.001
         9.4        0.013          0.1        0.001
        10.1        0.012          0.1        0.001
        10.8        0.011          0.1        0.001
        11.9        0.009          0.1        0.001
        13.3        0.008          0.1        0.001
          14        0.007          0.1        0.001
        15.2        0.006          0.1        0.001
          16        0.005          0.1        0.001
        17.3        0.004          0.1        0.001
