  0        0 000
   1        0 000
   2        0 000
   3        0 000
   4        0 000
   5        0 000
   6        0 000
   7        0 000
   8        0 000
   9        0 000
  10        0 000
  11        0 000
  12        0 000
  13       81 000
  14      163 000
  15      205 000
  16      198 000
  17      209 000
  18      208 000
  19      208 000
  20      209 000
  21      221 000
  22      234 000
  23      266 000
  24      238 000
  25      255 000
  26      259 000
  27      283 000
  28      284 000
  29      253 000
  30      277 000
  31      267 000
  32      271 000
  33      269 000
  34      286 000
  35      292 000
  36      319 000
  37      339 000
  38      351 001
  39      368 001
  40      369 001
  41      402 001
  42      410 001
  43      446 001
  44      465 001
  45      513 001
  46      511 001
  47      524 001
  48      556 001
  49      576 001
  50      583 001
  51      577 001
  52      614 001
  53      621 001
  54      690 001
  55      723 001
  56      745 001
  57      751 001
  58      768 001
  59      733 001
  60      711 001
  61      659 001
  62      684 001
  63      718 001
  64      682 001
  65      746 001
  66      622 001
  67      699 001
  68      628 001
  69      668 001
  70      666 001
  71      667 001
  72      657 001
  73      628 001
  74      576 001
  75      644 001
  76      612 001
  77      589 001
  78      602 001
  79      660 001
  80      574 001
  81      601 001
  82      578 001
  83      611 001
  84      643 001
  85      581 001
  86      562 001
  87      600 001
  88      504 001
  89      631 001
  90      525 001
  91      526 001
  92      548 001
  93      485 001
  94      523 001
  95      524 001
  96      508 001
  97      490 001
  98      517 001
  99      488 001
 100      475 001
 101      502 001
 102      457 001
 103      465 001
 104      468 001
 105      445 000
 106      485 000
 107      465 000
 108      460 000
 109      445 000
 110      420 000
 111      419 000
 112      441 000
 113      421 000
 114      423 000
 115      411 000
 116      397 000
 117      404 000
 118      396 000
 119      399 000
 120      405 000
 121      398 000
 122      417 000
 123      348 000
 124      442 000
 125      381 000
 126      392 000
 127      371 000
 128      390 000
 129      342 000
 130      325 002
 131      378 002
 132      397 002
 133      376 002
 134      394 002
 135      373 002
 136      367 002
 137      387 002
 138      424 002
 139      440 002
 140      434 002
 141      439 002
 142      384 002
 143      410 002
 144      446 002
 145      446 002
 146      420 002
 147      412 002
 148      417 002
 149      430 002
 150      401 002
 151      427 002
 152      420 002
 153      412 002
 154      389 002
 155      400 002
 156      370 002
 157      363 002
 158      393 002
 159      354 002
 160      370 002
 161      353 002
 162      350 002
 163      323 002
 164      320 002
 165      300 002
 166      306 002
 167      285 000
 168      305 000
 169      270 000
 170      290 000
 171      270 000
 172      305 000
 173      300 000
 174      259 000
 175      282 000
 176      284 000
 177      284 000
 178      233 000
 179      227 000
 180      236 000
 181      271 000
 182      228 000
 183      218 000
 184      228 000
 185      250 000
 186      225 000
 187      244 000
 188      226 000
 189      208 000
 190      221 000
 191      217 000
 192      217 000
 193      211 000
 194      202 000
 195      233 000
 196      212 000
 197      224 000
 198      224 000
 199      210 000
 200      198 000
 201      190 000
 202      205 000
 203      199 000
 204      194 000
 205      161 000
 206      164 000
 207      187 000
 208      191 000
 209      188 000
 210      162 000
 211      169 000
 212      157 000
 213      166 000
 214      173 000
 215      177 000
 216      177 000
 217      204 000
 218      187 000
 219      205 000
 220      175 000
 221      161 000
 222      196 000
 223      163 000
 224      161 000
 225      153 000
 226      176 000
 227      176 000
 228      157 000
 229      178 000
 230      164 000
 231      157 000
 232      153 000
 233      139 000
 234      171 000
 235      127 000
 236      151 000
 237      130 000
 238      137 000
 239      152 000
 240      134 000
 241      149 000
 242      155 000
 243      131 000
 244      137 000
 245      116 000
 246      141 000
 247      133 000
 248      124 000
 249      145 000
 250      139 000
 251      130 000
 252      118 000
 253      129 000
 254      131 000
 255      144 000
 256      131 000
 257      110 000
 258      112 000
 259      130 000
 260      131 000
 261      116 000
 262      125 000
 263      135 000
 264      149 000
 265      127 000
 266      134 000
 267      115 000
 268      162 000
 269      132 000
 270      127 000
 271      128 000
 272      111 000
 273      130 000
 274      113 000
 275      113 000
 276      116 000
 277      121 000
 278      137 000
 279      119 000
 280      119 000
 281      143 000
 282      124 000
 283       93 000
 284      118 000
 285      106 000
 286      107 000
 287      131 000
 288      139 000
 289      114 000
 290      134 000
 291      109 000
 292      108 000
 293      114 000
 294      124 000
 295      119 000
 296      139 000
 297      122 000
 298      110 000
 299      130 000
 300      100 000
 301      105 000
 302      115 000
 303      108 000
 304      116 000
 305      125 000
 306      119 000
 307      120 000
 308      109 000
 309      119 000
 310       95 000
 311      125 000
 312      137 000
 313      127 000
 314      119 000
 315      111 000
 316      119 000
 317      130 000
 318      116 000
 319      126 000
 320      117 000
 321      116 000
 322      101 000
 323      108 000
 324      121 000
 325      122 000
 326      119 000
 327      115 000
 328      108 000
 329      118 000
 330       95 000
 331      116 000
 332      111 000
 333      108 000
 334      129 000
 335      114 000
 336      128 000
 337      104 000
 338      114 000
 339      132 000
 340      124 000
 341      114 000
 342       97 000
 343      119 000
 344      123 000
 345      126 000
 346      119 000
 347      121 000
 348      112 000
 349      111 000
 350      122 000
 351      127 000
 352      128 000
 353      122 000
 354      122 000
 355      108 000
 356      121 000
 357      118 000
 358      127 000
 359      116 000
 360      123 000
 361      124 000
 362      134 000
 363      120 000
 364      134 000
 365      129 000
 366      118 000
 367      117 000
 368      108 000
 369      136 000
 370      108 000
 371      104 000
 372      112 000
 373      109 000
 374      107 000
 375      134 000
 376      116 000
 377      116 000
 378      124 000
 379      100 000
 380      125 000
 381      106 000
 382       99 000
 383      130 000
 384      123 000
 385      117 000
 386      117 000
 387      100 000
 388      105 000
 389      126 000
 390      129 000
 391      130 000
 392      112 000
 393      114 000
 394       90 000
 395      130 000
 396      112 000
 397      109 000
 398      114 000
 399      107 000
 400      100 000
 401      126 000
 402      126 000
 403      103 000
 404      103 000
 405      111 000
 406      116 000
 407      127 000
 408      131 000
 409       91 000
 410      117 000
 411      104 000
 412      115 000
 413       99 000
 414      101 000
 415      117 000
 416       99 000
 417       96 000
 418      129 000
 419      131 000
 420      117 000
 421      125 000
 422      127 000
 423      105 000
 424      113 000
 425      107 000
 426       97 000
 427       99 000
 428      134 000
 429      122 000
 430      103 000
 431      100 000
 432      116 000
 433      113 000
 434      126 000
 435      103 000
 436      103 000
 437      104 000
 438      121 000
 439      135 000
 440      112 000
 441      106 000
 442      134 000
 443      129 000
 444      123 000
 445      119 000
 446      115 000
 447      133 000
 448      130 000
 449      121 000
 450      111 000
 451      114 000
 452      116 000
 453      118 000
 454      114 000
 455      107 000
 456      100 000
 457      115 000
 458      124 000
 459      103 000
 460      135 000
 461      137 000
 462      116 000
 463      123 000
 464      116 000
 465      123 000
 466      108 000
 467      111 000
 468      124 000
 469      132 000
 470      117 000
 471      141 000
 472      115 000
 473      109 000
 474      117 000
 475      132 000
 476      110 000
 477      123 000
 478      115 000
 479      113 000
 480      124 000
 481      129 000
 482      123 000
 483      112 000
 484      109 000
 485      122 000
 486      123 000
 487      134 000
 488      130 000
 489      116 000
 490      130 000
 491      119 000
 492      114 000
 493      125 000
 494      119 000
 495      147 000
 496      130 000
 497      119 000
 498      132 000
 499      125 000
 500      107 000
 501      110 000
 502      126 000
 503      122 000
 504      105 000
 505      131 000
 506      113 000
 507      131 000
 508      126 000
 509      123 000
 510      131 000
 511      128 000
 512      129 000
 513      130 000
 514      168 000
 515      118 000
 516      121 000
 517      131 000
 518      123 000
 519      142 000
 520      128 000
 521      129 000
 522      144 000
 523      120 000
 524      132 000
 525      150 000
 526      131 000
 527      134 000
 528      143 000
 529      133 000
 530      117 000
 531      156 000
 532      130 000
 533      144 000
 534      141 000
 535      141 000
 536      136 000
 537      128 000
 538      152 000
 539      142 000
 540      147 000
 541      134 000
 542      148 000
 543      143 000
 544      140 000
 545      144 000
 546      152 000
 547      144 000
 548      149 000
 549      137 000
 550      140 000
 551      166 000
 552      146 000
 553      152 000
 554      150 000
 555      127 000
 556      155 000
 557      130 000
 558      159 000
 559      120 000
 560      140 000
 561      132 000
 562      119 000
 563      139 000
 564       98 000
 565      129 000
 566      148 000
 567      150 000
 568      132 000
 569      120 000
 570      138 000
 571      119 000
 572      116 000
 573      124 000
 574      135 000
 575      105 000
 576      117 000
 577      104 000
 578      112 000
 579      105 000
 580      117 000
 581       95 000
 582      113 000
 583      105 000
 584      102 000
 585      110 000
 586      128 000
 587       81 000
 588       88 000
 589      108 000
 590       90 000
 591       98 000
 592      117 000
 593       83 000
 594       99 000
 595       98 000
 596       81 000
 597      104 000
 598       92 000
 599       99 000
 600       99 000
 601      106 000
 602      109 000
 603       80 000
 604       87 000
 605       90 000
 606       98 000
 607       98 000
 608       81 000
 609       93 000
 610       86 000
 611       90 000
 612       87 000
 613      102 000
 614       80 000
 615       79 000
 616       88 000
 617       95 000
 618       91 000
 619       82 000
 620       86 000
 621       91 000
 622       66 000
 623       85 000
 624       69 000
 625       79 000
 626       86 000
 627       84 000
 628       89 000
 629       81 000
 630       95 000
 631       92 000
 632      109 000
 633       85 000
 634       83 000
 635       82 000
 636       85 000
 637       67 000
 638       70 000
 639       74 000
 640       87 000
 641       64 000
 642       73 000
 643       86 000
 644       64 000
 645       91 000
 646       63 000
 647       75 000
 648       69 000
 649       72 000
 650       93 000
 651       65 000
 652       81 000
 653       68 000
 654       72 000
 655       71 000
 656       69 000
 657       52 000
 658       75 000
 659       67 000
 660       67 000
 661       75 000
 662       69 000
 663       58 000
 664       55 000
 665       60 000
 666       67 000
 667       63 000
 668       66 000
 669       44 000
 670       54 000
 671       68 003
 672       66 003
 673       67 003
 674       80 003
 675       61 003
 676       73 003
 677       60 003
 678       69 003
 679       97 003
 680       89 003
 681       83 003
 682       87 003
 683       91 003
 684      124 003
 685      115 003
 686      120 003
 687      128 003
 688      154 003
 689      149 003
 690      159 003
 691      178 003
 692      179 003
 693      177 003
 694      234 003
 695      205 003
 696      244 003
 697      240 003
 698      251 003
 699      279 003
 700      303 003
 701      277 003
 702      313 003
 703      287 003
 704      300 003
 705      292 003
 706      293 003
 707      334 003
 708      321 003
 709      269 003
 710      279 003
 711      311 003
 712      300 003
 713      260 003
 714      296 003
 715      284 003
 716      244 003
 717      271 003
 718      240 003
 719      243 003
 720      204 003
 721      200 003
 722      164 003
 723      170 003
 724      179 003
 725      165 003
 726      130 003
 727      141 003
 728      121 003
 729      119 003
 730      103 003
 731       83 003
 732       99 003
 733       78 003
 734       82 003
 735       65 003
 736       48 003
 737       42 003
 738       42 003
 739       46 003
 740       25 003
 741       28 003
 742       28 003
 743       24 003
 744       14 003
 745       20 003
 746       16 003
 747       19 003
 748       14 003
 749       11 003
 750       14 003
 751       17 003
 752       15 003
 753        9 003
 754        8 003
 755        7 003
 756       20 003
 757        8 003
 758        9 000
 759        8 000
 760       12 000
 761       19 004
 762       17 004
 763       18 004
 764       12 004
 765       19 004
 766       27 004
 767       22 004
 768       32 004
 769       27 004
 770       26 004
 771       35 004
 772       46 004
 773       37 004
 774       54 004
 775       55 004
 776       68 004
 777       78 004
 778       77 004
 779       82 004
 780      100 004
 781       96 004
 782       92 004
 783      125 004
 784      113 004
 785      135 004
 786      135 004
 787      173 004
 788      158 004
 789      145 004
 790      159 004
 791      182 004
 792      207 004
 793      199 004
 794      193 004
 795      220 004
 796      219 004
 797      207 004
 798      220 004
 799      233 004
 800      242 004
 801      237 004
 802      240 004
 803      229 004
 804      231 004
 805      220 004
 806      227 004
 807      238 004
 808      208 004
 809      189 004
 810      213 004
 811      172 004
 812      172 004
 813      171 004
 814      163 004
 815      190 004
 816      158 004
 817      128 004
 818      144 004
 819      114 004
 820      124 004
 821       99 004
 822      120 004
 823      108 004
 824       78 004
 825       74 004
 826       64 004
 827       49 004
 828       76 004
 829       55 004
 830       49 004
 831       51 004
 832       34 004
 833       28 004
 834       22 004
 835       28 004
 836       21 004
 837       20 004
 838       19 004
 839       14 004
 840       21 004
 841       14 004
 842       13 000
 843        7 000
 844       10 000
 845       11 000
 846       12 000
 847        9 000
 848        7 000
 849       11 000
 850        7 000
 851       11 000
 852        8 000
 853       11 000
 854       12 000
 855       13 000
 856        9 000
 857       10 000
 858       13 000
 859       12 000
 860       15 000
 861        8 000
 862        6 000
 863       13 000
 864       10 000
 865       12 000
 866       15 000
 867       12 000
 868       11 000
 869       11 000
 870       14 000
 871       22 000
 872       14 000
 873       16 000
 874       19 000
 875       14 000
 876       15 000
 877       14 000
 878       26 000
 879       20 000
 880       12 000
 881       10 000
 882       12 000
 883       12 000
 884       18 000
 885       10 000
 886       10 000
 887        9 000
 888       12 000
 889        7 000
 890       15 000
 891       12 000
 892       10 000
 893       10 000
 894       12 000
 895       10 000
 896       12 000
 897       12 000
 898       10 000
 899       12 000
 900        6 000
 901        5 000
 902        7 000
 903       10 000
 904        5 000
 905        4 000
 906        6 000
 907        3 000
 908        6 000
 909        3 000
 910       10 000
 911        3 000
 912        5 000
 913        3 000
 914        5 000
 915        6 000
 916        6 000
 917        4 000
 918        2 000
 919        2 000
 920        5 000
 921        2 000
 922        3 000
 923        4 000
 924        6 000
 925        1 000
 926        2 000
 927        1 000
 928        2 000
 929        1 000
 930        1 000
 931        4 000
 932        3 000
 933        1 000
 934        2 000
 935        1 000
 936        3 000
 937        2 000
 938        3 000
 939        4 000
 940        3 000
 941        6 000
 942        4 000
 943        3 000
 944        2 000
 945        5 000
 946        2 000
 947        1 000
 948        4 000
 949        5 000
 950        0 000
 951        3 000
 952        2 000
 953        3 000
 954        0 000
 955        4 000
 956        1 000
 957        8 000
 958        2 000
 959        3 000
 960        0 000
 961        1 000
 962        5 000
 963        3 000
 964        2 000
 965        1 000
 966        3 000
 967        5 000
 968        2 000
 969        0 000
 970        3 000
 971        4 000
 972        1 000
 973        0 000
 974        0 000
 975        0 000
 976        3 000
 977        4 000
 978        0 000
 979        1 000
 980        3 000
 981        1 000
 982        1 000
 983        2 000
 984        1 000
 985        2 000
 986        0 000
 987        2 000
 988        5 000
 989        0 000
 990        3 000
 991        1 000
 992        0 000
 993        1 000
 994        2 000
 995        1 000
 996        0 000
 997        3 000
 998        1 000
 999        4 000
1000        3 000
1001        2 000
1002        1 000
1003        0 000
1004        1 000
1005        0 000
1006        1 000
1007        7 000
1008        1 000
1009        0 000
1010        1 000
1011        2 000
1012        2 000
1013        1 000
1014        2 000
1015        2 000
1016        2 000
1017        3 000
1018        1 000
1019        2 000
1020        2 000
1021        2 000
1022        3 000
1023        2 000
