2.9	52.7	0.1	4.191260749
3	50.3	0.1	4.094712037
3.1	44.3	0.1	3.842742077
3.2	46.7	0.1	3.945461528
3.3	51.3	0.1	4.135214626
3.4	50.3	0.1	4.094712037
3.5	48.7	0.1	4.029061098
3.6	50	0.1	4.082482905
3.7	50.7	0.1	4.110960958
3.8	46.3	0.1	3.928528138
3.9	63.7	0.1	4.60796412
4	55.3	0.1	4.293405796
4.1	56.7	0.1	4.347413024
4.2	63	0.1	4.582575695
4.3	67.3	0.1	4.736383993
4.4	83.3	0.1	5.269408569
4.5	177.7	0.1	7.696319467
4.6	277	0.1	9.609023537
4.7	359	0.1	10.93922605
4.8	469	0.1	12.50333289
4.9	504.7	0.1	12.9704793
5	546	0.1	13.49073756
5.1	600	0.1	14.14213562
5.2	675.3	0.1	15.00333296
5.3	701.7	0.1	15.29378959
5.4	724	0.1	15.53490693
5.5	746.3	0.1	15.77233866
5.6	749.3	0.1	15.80400793
5.7	814	0.1	16.4721988
5.8	838.3	0.1	16.71625955
5.9	823.3	0.1	16.5660295
6	853	0.1	16.86218649
6.1	859	0.1	16.92138686
6.2	869	0.1	17.01959655
6.3	862.3	0.1	16.95385895
6.4	878.3	0.1	17.11042567
6.5	874	0.1	17.06848949
6.6	897	0.1	17.29161647
6.7	893.7	0.1	17.25977984
6.8	869	0.1	17.01959655
6.9	895.7	0.1	17.27908177
7	869.7	0.1	17.02645001
7.1	870.7	0.1	17.03623589
7.2	874.3	0.1	17.07141861
7.3	884	0.1	17.16585759
7.4	830.7	0.1	16.6403125
7.5	845.7	0.1	16.7898779
7.6	843.3	0.1	16.7660371
7.7	804.7	0.1	16.37783054
7.8	805.3	0.1	16.38393522
7.9	763.7	0.1	15.95514546
8	750	0.1	15.8113883
8.1	720.3	0.1	15.49516053
8.2	712	0.1	15.40562668
8.3	712.3	0.1	15.4088719
8.4	686	0.1	15.1217283
8.5	690.7	0.1	15.17344171
8.6	666.7	0.1	14.90749252
8.7	691	0.1	15.17673658
8.8	795.7	0.1	16.2859858
8.9	1112.7	0.1	19.25876424
9	1604	0.1	23.12286026
9.1	1721.3	0.1	23.95342703
9.2	1349	0.1	21.20534524
9.3	787.7	0.1	16.20390899
9.4	649	0.1	14.70827432
9.5	660	0.1	14.83239697
9.6	629	0.1	14.47987109
9.7	633	0.1	14.52583905
9.8	631.3	0.1	14.50632046
9.9	687.3	0.1	15.13604968
10	1259.7	0.1	20.49146164
10.1	2922.7	0.1	31.21271109
10.2	3785	0.1	35.51994745
10.3	3338.7	0.1	33.36015587
10.4	1682	0.1	23.67840085
10.5	659	0.1	14.82115605
10.6	559.7	0.1	13.65894091
10.7	537.7	0.1	13.3878054
10.8	515.7	0.1	13.11106403
10.9	493	0.1	12.81925635
11	491	0.1	12.79322737
11.1	472.3	0.1	12.54724405
11.2	446	0.1	12.19289411
11.3	446	0.1	12.19289411
11.4	461	0.1	12.39623599
11.5	437.3	0.1	12.07338671
11.6	430.3	0.1	11.97636561
11.7	411	0.1	11.70469991
11.8	396.7	0.1	11.49927534
11.9	394	0.1	11.46007563
12	378	0.1	11.22497216
12.1	376	0.1	11.19523708
12.2	365	0.1	11.03026141
12.3	364	0.1	11.01514109
12.4	362.3	0.1	10.98938882
12.5	357.7	0.1	10.91940169
12.6	334.3	0.1	10.55619881
12.7	340.7	0.1	10.65676624
12.8	329	0.1	10.47218538
12.9	310.3	0.1	10.17021796
13	324	0.1	10.39230485
13.1	297	0.1	9.949874371
13.2	290.3	0.1	9.837004964
13.3	271.3	0.1	9.509644227
13.4	280	0.1	9.660917831
13.5	275.7	0.1	9.586448769
13.6	261.7	0.1	9.339878657
13.7	258	0.1	9.273618495
13.8	254.3	0.1	9.206881484
13.9	234	0.1	8.831760866
14	248.3	0.1	9.097618736
14.1	224	0.1	8.640987598
14.2	238.7	0.1	8.920014948
14.3	230.7	0.1	8.769264507
14.4	207.3	0.1	8.312640976
14.5	213.3	0.1	8.432081594
14.6	224.7	0.1	8.654478609
14.7	204.7	0.1	8.260347047
14.8	204.7	0.1	8.260347047
14.9	203	0.1	8.22597512
15	199.7	0.1	8.158839787
15.1	195	0.1	8.062257748
15.2	207.7	0.1	8.320657025
15.3	195	0.1	8.062257748
15.4	193.3	0.1	8.027037644
15.5	188.7	0.1	7.930952024
15.6	191.3	0.1	7.98540335
15.7	184.3	0.1	7.837941907
15.8	188.7	0.1	7.930952024
15.9	180	0.1	7.745966692
16	180.3	0.1	7.752418977
16.1	181	0.1	7.767453465
16.2	164	0.1	7.393691004
16.3	167	0.1	7.461009762
16.4	180	0.1	7.745966692
16.5	176.3	0.1	7.665941995
16.6	157.3	0.1	7.241086475
16.7	171.3	0.1	7.556454195
16.8	160.3	0.1	7.309810759
16.9	160.7	0.1	7.31892524
17	160	0.1	7.302967433
17.1	175	0.1	7.637626158
17.2	165	0.1	7.416198487
17.3	161	0.1	7.325753659
17.4	148.3	0.1	7.03088425
17.5	147.7	0.1	7.016646872
17.6	169.3	0.1	7.51221228
17.7	156	0.1	7.211102551
17.8	164	0.1	7.393691004
17.9	200.3	0.1	8.171087239
18	194.3	0.1	8.047774019
18.1	208.7	0.1	8.340663443
18.2	259.7	0.1	9.304120951
18.3	343	0.1	10.69267662
18.4	320.7	0.1	10.33924562
18.5	232.7	0.1	8.807194029
18.6	177.3	0.1	7.687652438
18.7	158.3	0.1	7.264066813
18.8	159.3	0.1	7.286974681
18.9	156.3	0.1	7.218032973
19	144.7	0.1	6.945022198
19.1	145.3	0.1	6.959406105
19.2	162.3	0.1	7.355270219
19.3	159	0.1	7.280109889
19.4	148.7	0.1	7.040359839
19.5	143	0.1	6.904105059
19.6	141.3	0.1	6.862943975
19.7	140.7	0.1	6.848357467
19.8	142	0.1	6.87992248
19.9	136	0.1	6.733003292
20	153	0.1	7.141428429
20.1	139.3	0.1	6.814200858
20.2	148	0.1	7.023769169
20.3	149.3	0.1	7.05454936
20.4	187.7	0.1	7.909909397
20.5	329.7	0.1	10.48332008
20.6	654.7	0.1	14.77272261
20.7	825.7	0.1	16.59015772
20.8	699.3	0.1	15.26761278
20.9	380.3	0.1	11.25907042
21	193	0.1	8.020806277
21.1	138.3	0.1	6.789698079
21.2	117.3	0.1	6.25299928
21.3	138	0.1	6.782329983
21.4	134	0.1	6.683312552
21.5	117	0.1	6.244997998
21.6	129.3	0.1	6.565059025
21.7	122	0.1	6.377042157
21.8	126.3	0.1	6.488451279
21.9	121	0.1	6.350852961
22	121.7	0.1	6.369196705
22.1	108.3	0.1	6.008327554
22.2	103	0.1	5.859465277
22.3	119	0.1	6.298147876
22.4	110.3	0.1	6.063552314
22.5	116	0.1	6.218252702
22.6	118.3	0.1	6.27959659
22.7	112	0.1	6.110100927
22.8	117.3	0.1	6.25299928
22.9	121.3	0.1	6.358721045
23	111.3	0.1	6.090976933
23.1	108	0.1	6
23.2	105.7	0.1	5.935767291
23.3	100.3	0.1	5.78215646
23.4	117.3	0.1	6.25299928
23.5	110.7	0.1	6.074537019
23.6	103.3	0.1	5.867992274
23.7	100.7	0.1	5.793674712
23.8	109	0.1	6.027713773
23.9	107	0.1	5.972157622
24	91.7	0.1	5.52871293
24.1	107.3	0.1	5.980523946
24.2	97.3	0.1	5.69502707
24.3	102.3	0.1	5.839520528
24.4	95.7	0.1	5.648008499
24.5	94.7	0.1	5.61842208
24.6	102	0.1	5.830951895
24.7	97.3	0.1	5.69502707
24.8	98.3	0.1	5.724217559
24.9	91.7	0.1	5.52871293
25	93.3	0.1	5.576737397
25.1	99.3	0.1	5.753259945
25.2	91	0.1	5.507570547
25.3	88.7	0.1	5.437523946
25.4	95.7	0.1	5.648008499
25.5	83	0.1	5.259911279
25.6	88	0.1	5.416025603
25.7	96.7	0.1	5.677440738
25.8	92.7	0.1	5.558776844
25.9	93.3	0.1	5.576737397
26	94.3	0.1	5.606543796
26.1	95	0.1	5.627314339
26.2	82	0.1	5.228129047
26.3	98	0.1	5.715476066
26.4	89.7	0.1	5.468089246
26.5	88.7	0.1	5.437523946
26.6	79.7	0.1	5.154286242
26.7	81.7	0.1	5.218556633
26.8	91.3	0.1	5.51664149
26.9	80	0.1	5.163977795
27	79.3	0.1	5.141335754
27.1	87	0.1	5.385164807
27.2	85.7	0.1	5.344779384
27.3	80.7	0.1	5.186520992
27.4	91.3	0.1	5.51664149
27.5	80.3	0.1	5.173651193
27.6	89	0.1	5.446711546
27.7	81.3	0.1	5.205766034
27.8	87.7	0.1	5.40678586
27.9	97.3	0.1	5.69502707
28	98.7	0.1	5.73585216
28.1	116.7	0.1	6.236986452
28.2	101	0.1	5.802298395
28.3	92	0.1	5.537749242
28.4	70.7	0.1	4.854551129
28.5	80.3	0.1	5.173651193
28.6	75.3	0.1	5.00999002
28.7	82	0.1	5.228129047
28.8	82	0.1	5.228129047
28.9	87.3	0.1	5.394441584
29	84.3	0.1	5.300943312
29.1	81	0.1	5.196152423
29.2	77.7	0.1	5.08920426
29.3	73.3	0.1	4.943008531
29.4	68	0.1	4.760952286
29.5	72.3	0.1	4.909175083
29.6	76.7	0.1	5.056349144
29.7	75.7	0.1	5.023279141
29.8	75.3	0.1	5.00999002
29.9	75	0.1	5
30	71.3	0.1	4.875106836
30.1	67.7	0.1	4.750438576
30.2	74.3	0.1	4.976611967
30.3	72	0.1	4.898979486
30.4	75	0.1	5
30.5	69	0.1	4.795831523
30.6	72.7	0.1	4.922736366
30.7	72	0.1	4.898979486
30.8	75.3	0.1	5.00999002
30.9	74.7	0.1	4.98998998
31	68.3	0.1	4.771442829
31.1	65.7	0.1	4.679743583
31.2	71	0.1	4.86483984
31.3	79	0.1	5.131601439
31.4	78	0.1	5.099019514
31.5	66.7	0.1	4.715223572
31.6	70.3	0.1	4.840798832
31.7	95.7	0.1	5.648008499
31.8	141.7	0.1	6.872651114
31.9	178	0.1	7.702813339
32	175	0.1	7.637626158
32.1	149.3	0.1	7.05454936
32.2	125.7	0.1	6.473020933
32.3	89	0.1	5.446711546
32.4	67.7	0.1	4.750438576
32.5	77	0.1	5.066228051
32.6	61.3	0.1	4.520324472
32.7	69	0.1	4.795831523
32.8	64.3	0.1	4.629614815
32.9	67.7	0.1	4.750438576
33	65	0.1	4.654746681
33.1	62	0.1	4.546060566
33.2	65	0.1	4.654746681
33.3	65.7	0.1	4.679743583
33.4	72.3	0.1	4.909175083
33.5	68.3	0.1	4.771442829
33.6	61.7	0.1	4.535048695
33.7	64.7	0.1	4.643992535
33.8	61	0.1	4.509249753
33.9	66.7	0.1	4.715223572
34	62.3	0.1	4.557045827
34.1	65	0.1	4.654746681
34.2	64.7	0.1	4.643992535
34.3	67	0.1	4.725815626
34.4	57	0.1	4.358898944
34.5	62.7	0.1	4.57165178
34.6	61	0.1	4.509249753
34.7	69.3	0.1	4.806245936
34.8	56.7	0.1	4.347413024
34.9	69.7	0.1	4.820096818
35	66.7	0.1	4.715223572
35.1	68.7	0.1	4.785394446
35.2	58.7	0.1	4.423422506
35.3	52.3	0.1	4.175324339
35.4	61	0.1	4.509249753
35.5	60	0.1	4.472135955
35.6	57.7	0.1	4.385582439
35.7	61	0.1	4.509249753
35.8	58.7	0.1	4.423422506
35.9	63.3	0.1	4.593473631
36	57	0.1	4.358898944
36.1	52	0.1	4.163331999
36.2	62.7	0.1	4.57165178
36.3	58	0.1	4.396968653
36.4	61.3	0.1	4.520324472
36.5	52	0.1	4.163331999
36.6	56.7	0.1	4.347413024
36.7	58.3	0.1	4.408325457
36.8	55	0.1	4.281744193
36.9	59	0.1	4.434711565
37	60	0.1	4.472135955
37.1	53	0.1	4.203173404
37.2	54.7	0.1	4.270050741
37.3	54.7	0.1	4.270050741
37.4	51.7	0.1	4.151305016
37.5	52.7	0.1	4.191260749
37.6	50	0.1	4.082482905
37.7	46.7	0.1	3.945461528
37.8	54	0.1	4.242640687
37.9	54.7	0.1	4.270050741
38	55.3	0.1	4.293405796
