2.9	3.2	0.1	0.80
3	3.32	0.1	0.81
3.1	3.96	0.1	0.89
3.2	8	0.1	1.26
3.3	17.64	0.1	1.88
3.4	34.84	0.1	2.64
3.5	61.76	0.1	3.51
3.6	108.32	0.1	4.65
3.7	137.04	0.1	5.24
3.8	172.28	0.1	5.87
3.9	193.32	0.1	6.22
4	221.12	0.1	6.65
4.1	231.16	0.1	6.80
4.2	243.88	0.1	6.98
4.3	253.64	0.1	7.12
4.4	263.68	0.1	7.26
4.5	263.84	0.1	7.26
4.6	275.6	0.1	7.42
4.7	266.64	0.1	7.30
4.8	271.48	0.1	7.37
4.9	267.08	0.1	7.31
5	266.04	0.1	7.29
5.1	251.12	0.1	7.09
5.2	252.24	0.1	7.10
5.3	241.4	0.1	6.95
5.4	245.8	0.1	7.01
5.5	236.64	0.1	6.88
5.6	235.28	0.1	6.86
5.7	228.32	0.1	6.76
5.8	227.16	0.1	6.74
5.9	214.88	0.1	6.56
6	214.32	0.1	6.55
6.1	233	0.1	6.83
6.2	290.32	0.1	7.62
6.3	315.12	0.1	7.94
6.4	335.08	0.1	8.19
6.5	309.88	0.1	7.87
6.6	253.32	0.1	7.12
6.7	200.84	0.1	6.34
6.8	188.16	0.1	6.13
6.9	227.64	0.1	6.75
7	369.16	0.1	8.59
7.1	469.48	0.1	9.69
7.2	543.32	0.1	10.42
7.3	539.36	0.1	10.39
7.4	428.84	0.1	9.26
7.5	282.36	0.1	7.51
7.6	199.08	0.1	6.31
7.7	156.16	0.1	5.59
7.8	130.64	0.1	5.11
7.9	121.36	0.1	4.93
8	118.2	0.1	4.86
8.1	115.04	0.1	4.80
8.2	111.56	0.1	4.72
8.3	109.24	0.1	4.67
8.4	103.88	0.1	4.56
8.5	99.68	0.1	4.46
8.6	98.12	0.1	4.43
8.7	95.2	0.1	4.36
8.8	90.8	0.1	4.26
8.9	89.32	0.1	4.23
9	84.32	0.1	4.11
9.1	85.88	0.1	4.14
9.2	76.04	0.1	3.90
9.3	76.52	0.1	3.91
9.4	70.2	0.1	3.75
9.5	65.72	0.1	3.63
9.6	63.16	0.1	3.55
9.7	60.72	0.1	3.48
9.8	60.4	0.1	3.48
9.9	57.76	0.1	3.40
10	52.88	0.1	3.25
10.1	52.28	0.1	3.23
10.2	50.2	0.1	3.17
10.3	50.6	0.1	3.18
10.4	47.6	0.1	3.09
10.5	46	0.1	3.03
10.6	45.36	0.1	3.01
10.7	43.08	0.1	2.94
10.8	44.08	0.1	2.97
10.9	41.32	0.1	2.87
11	39.8	0.1	2.82
11.1	39.36	0.1	2.81
11.2	38.12	0.1	2.76
11.3	37.76	0.1	2.75
11.4	38.52	0.1	2.78
11.5	37.84	0.1	2.75
11.6	36.52	0.1	2.70
11.7	34.4	0.1	2.62
11.8	32.6	0.1	2.55
11.9	36.28	0.1	2.69
12	33.32	0.1	2.58
12.1	31.16	0.1	2.50
12.2	31.8	0.1	2.52
12.3	30.88	0.1	2.49
12.4	31.48	0.1	2.51
12.5	30.44	0.1	2.47
12.6	35.08	0.1	2.65
12.7	42.88	0.1	2.93
12.8	49.08	0.1	3.13
12.9	70.16	0.1	3.75
13	71.52	0.1	3.78
13.1	60.04	0.1	3.47
13.2	38.28	0.1	2.77
13.3	30.16	0.1	2.46
13.4	29.24	0.1	2.42
13.5	27	0.1	2.32
13.6	28.24	0.1	2.38
13.7	27.68	0.1	2.35
13.8	26.36	0.1	2.30
13.9	26.24	0.1	2.29
14	25.48	0.1	2.26
14.1	26.24	0.1	2.29
14.2	24.84	0.1	2.23
14.3	35.68	0.1	2.67
14.4	55.36	0.1	3.33
14.5	105.96	0.1	4.60
14.6	151.72	0.1	5.51
14.7	148.88	0.1	5.46
14.8	94.24	0.1	4.34
14.9	45.72	0.1	3.02
15	30.96	0.1	2.49
15.1	25.36	0.1	2.25
15.2	22.44	0.1	2.12
15.3	21.44	0.1	2.07
15.4	18.76	0.1	1.94
15.5	18.88	0.1	1.94
15.6	17.84	0.1	1.89
15.7	19.04	0.1	1.95
15.8	18.64	0.1	1.93
15.9	18.44	0.1	1.92
16	17.64	0.1	1.88
16.1	18.96	0.1	1.95
16.2	17.2	0.1	1.85
16.3	18.64	0.1	1.93
16.4	15.68	0.1	1.77
16.5	17.24	0.1	1.86
16.6	16.8	0.1	1.83
16.7	16.32	0.1	1.81
16.8	15.28	0.1	1.75
16.9	16.68	0.1	1.83
17	14.96	0.1	1.73
17.1	13.2	0.1	1.62
17.2	15.68	0.1	1.77
17.3	15.28	0.1	1.75
17.4	13.32	0.1	1.63
17.5	11.76	0.1	1.53
17.6	14.64	0.1	1.71
17.7	14.2	0.1	1.69
17.8	13.04	0.1	1.61
17.9	14.16	0.1	1.68
18	11.4	0.1	1.51
18.1	12.32	0.1	1.57
18.2	11.72	0.1	1.53
18.3	12.68	0.1	1.59
18.4	10.84	0.1	1.47
18.5	11.24	0.1	1.50
18.6	10.8	0.1	1.47
18.7	11.64	0.1	1.53
18.8	12.28	0.1	1.57
18.9	11.6	0.1	1.52
19	11.36	0.1	1.51
19.1	11.36	0.1	1.51
19.2	11.84	0.1	1.54
19.3	11.92	0.1	1.54
19.4	12.76	0.1	1.60
19.5	13.92	0.1	1.67
19.6	17.6	0.1	1.88
19.7	19.32	0.1	1.97
19.8	16.72	0.1	1.83
19.9	12.24	0.1	1.56
20	10.16	0.1	1.43
20.1	8.96	0.1	1.34
20.2	9	0.1	1.34
20.3	10.24	0.1	1.43
20.4	10.2	0.1	1.43
20.5	9.2	0.1	1.36
20.6	10	0.1	1.41
20.7	10.32	0.1	1.44
20.8	7.6	0.1	1.23
20.9	8.72	0.1	1.32
21	7.84	0.1	1.25
21.1	8.12	0.1	1.27
21.2	9.04	0.1	1.34
21.3	7.48	0.1	1.22
21.4	6.96	0.1	1.18
21.5	7.4	0.1	1.22
21.6	6.64	0.1	1.15
21.7	8	0.1	1.26
21.8	7.8	0.1	1.25
21.9	8.68	0.1	1.32
22	15.68	0.1	1.77
22.1	24.56	0.1	2.22
22.2	37.56	0.1	2.74
22.3	37.44	0.1	2.74
22.4	22.76	0.1	2.13
22.5	15.6	0.1	1.77
22.6	9.28	0.1	1.36
22.7	7.52	0.1	1.23
22.8	6.28	0.1	1.12
22.9	6.64	0.1	1.15
23	6.88	0.1	1.17
23.1	7.4	0.1	1.22
23.2	6.92	0.1	1.18
23.3	7.28	0.1	1.21
23.4	5.72	0.1	1.07
23.5	7.2	0.1	1.20
23.6	6.36	0.1	1.13
23.7	6.2	0.1	1.11
23.8	6.2	0.1	1.11
23.9	5.2	0.1	1.02
24	6.2	0.1	1.11
24.1	4.72	0.1	0.97
24.2	5.24	0.1	1.02
24.3	5.72	0.1	1.07
24.4	4.52	0.1	0.95
24.5	6	0.1	1.10
24.6	5.52	0.1	1.05
24.7	4.8	0.1	0.98
24.8	5.04	0.1	1.00
24.9	4.36	0.1	0.93
25	5.56	0.1	1.05
