	   0	 -0.0272             1	
     0.03333     -0.02718            1
     0.06667     -0.02718            1
         0.1     -0.02719            1
      0.1333     -0.02744            1
      0.1667     -0.02744            1
         0.2     -0.02744            1
      0.2333     -0.02642            1
      0.2667     -0.02643            1
         0.3     -0.02643            1
      0.3333     -0.02644            1
      0.3667     -0.02644            1
         0.4     -0.02644            1
      0.4333     -0.02645            1
      0.4667     -0.02646            1
         0.5     -0.02646            1
      0.5333     -0.02648            1
      0.5667     -0.02651            1
         0.6     -0.02651            1
      0.6333     -0.02652            1
      0.6667     -0.02653            1
         0.7     -0.02655            1
      0.7333     -0.02657            1
      0.7667     -0.02657            1
         0.8     -0.02658            1
      0.8333      -0.0266            1
      0.8667     -0.02662            1
         0.9     -0.02663            1
      0.9333     -0.02663            1
      0.9667     -0.02665            1
           1     -0.02667            1
       1.033     -0.02668            1
       1.067     -0.02666            1
         1.1     -0.02666            1
       1.133     -0.02666            1
       1.167     -0.02664            1
         1.2     -0.02663            1
       1.233     -0.02662            1
       1.267     -0.02663            1
         1.3      -0.0266            1
       1.333     -0.02658            1
       1.367     -0.02657            1
         1.4     -0.02657            1
       1.433     -0.02655            1
       1.467     -0.02653            1
         1.5     -0.02653            1
       1.533     -0.02651            1
       1.567     -0.02651            1
         1.6     -0.02651            1
       1.633      -0.0265            1
       1.667     -0.02649            1
         1.7     -0.02649            1
       1.733     -0.02652            1
       1.767     -0.02691            1
         1.8     -0.02766            1
       1.833     -0.02868            1
       1.867     -0.03001            1
         1.9     -0.03156            1
       1.933     -0.03334            1
       1.967     -0.03526            1
           2      -0.0373            1
       2.033     -0.03939            1
       2.067     -0.04154            1
         2.1     -0.04361            1
       2.133     -0.04558            1
       2.167     -0.04744            1
         2.2     -0.04916            1
       2.233     -0.05065            1
       2.267     -0.05186            1
         2.3     -0.05241            1
       2.333     -0.05327            1
       2.367     -0.05347            1
         2.4     -0.05382            1
       2.433      -0.0539            1
       2.467     -0.05355            1
         2.5     -0.05334            1
       2.533     -0.05249            1
       2.567     -0.05174            1
         2.6     -0.05059            1
       2.633     -0.04928            1
       2.667     -0.04785            1
         2.7     -0.04636            1
       2.733      -0.0448            1
       2.767      -0.0432            1
         2.8      -0.0417            1
       2.833     -0.04021            1
       2.867     -0.03884            1
         2.9     -0.03754            1
       2.933     -0.03645            1
       2.967     -0.03555            1
           3     -0.03473            1
       3.033     -0.03413            1
       3.067     -0.03378            1
         3.1     -0.03365            1
       3.133     -0.03366            1
       3.167     -0.03389            1
         3.2     -0.03435            1
       3.233     -0.03496            1
       3.267     -0.03574            1
         3.3     -0.03663            1
       3.333      -0.0376            1
       3.367     -0.03871            1
         3.4     -0.03981            1
       3.433     -0.04099            1
       3.467     -0.04219            1
         3.5     -0.04333            1
       3.533     -0.04445            1
       3.567     -0.04547            1
         3.6     -0.04643            1
       3.633      -0.0472            1
       3.667     -0.04792            1
         3.7      -0.0485            1
       3.733     -0.04893            1
       3.767     -0.04917            1
         3.8     -0.04928            1
       3.833     -0.04927            1
       3.867     -0.04906            1
         3.9     -0.04875            1
       3.933     -0.04828            1
       3.967     -0.04773            1
           4     -0.04707            1
       4.033     -0.04635            1
       4.067     -0.04552            1
         4.1     -0.04468            1
       4.133     -0.04379            1
       4.167      -0.0429            1
         4.2     -0.04206            1
       4.233     -0.04124            1
       4.267     -0.04046            1
         4.3     -0.03973            1
       4.333     -0.03914            1
       4.367      -0.0386            1
         4.4     -0.03819            1
       4.433     -0.03788            1
       4.467     -0.03766            1
         4.5     -0.03759            1
       4.533     -0.03761            1
       4.567     -0.03776            1
         4.6     -0.03805            1
       4.633     -0.03837            1
       4.667     -0.03879            1
         4.7     -0.03931            1
       4.733     -0.03985            1
       4.767     -0.04051            1
         4.8     -0.04116            1
       4.833     -0.04182            1
       4.867     -0.04247            1
         4.9     -0.04309            1
       4.933     -0.04373            1
       4.967     -0.04428            1
           5     -0.04481            1
       5.033     -0.04524            1
       5.067     -0.04564            1
         5.1     -0.04595            1
       5.133     -0.04618            1
       5.167     -0.04635            1
         5.2     -0.04638            1
       5.233     -0.04636            1
       5.267     -0.04624            1
         5.3     -0.04601            1
       5.333     -0.04576            1
       5.367     -0.04541            1
         5.4     -0.04504            1
       5.433     -0.04463            1
       5.467     -0.04415            1
         5.5     -0.04367            1
       5.533     -0.04319            1
       5.567     -0.04271            1
         5.6     -0.04223            1
       5.633     -0.04177            1
       5.667     -0.04135            1
         5.7     -0.04093            1
       5.733     -0.04063            1
       5.767     -0.04033            1
         5.8     -0.04009            1
       5.833     -0.03991            1
       5.867      -0.0398            1
         5.9     -0.03979            1
       5.933      -0.0398            1
       5.967     -0.03986            1
           6     -0.04003            1
       6.033     -0.04027            1
       6.067     -0.04052            1
         6.1      -0.0408            1
       6.133     -0.04111            1
       6.167     -0.04152            1
         6.2     -0.04183            1
       6.233     -0.04219            1
       6.267     -0.04255            1
         6.3      -0.0429            1
       6.333     -0.04325            1
       6.367     -0.04356            1
         6.4     -0.04385            1
       6.433     -0.04409            1
       6.467     -0.04432            1
         6.5     -0.04446            1
       6.533     -0.04458            1
       6.567     -0.04464            1
         6.6     -0.04465            1
       6.633     -0.04463            1
       6.667     -0.04459            1
         6.7     -0.04445            1
       6.733     -0.04428            1
       6.767     -0.04409            1
         6.8     -0.04386            1
       6.833     -0.04362            1
       6.867     -0.04337            1
         6.9     -0.04309            1
       6.933     -0.04283            1
       6.967     -0.04255            1
           7     -0.04229            1
       7.033     -0.04201            1
       7.067     -0.04181            1
         7.1      -0.0416            1
       7.133     -0.04146            1
       7.167     -0.04128            1
         7.2     -0.04111            1
       7.233     -0.04105            1
       7.267     -0.04099            1
         7.3     -0.04099            1
       7.333     -0.04099            1
       7.367     -0.04102            1
         7.4     -0.04106            1
       7.433     -0.04128            1
       7.467      -0.0414            1
         7.5     -0.04158            1
       7.533     -0.04176            1
       7.567     -0.04194            1
         7.6     -0.04213            1
       7.633     -0.04236            1
       7.667     -0.04255            1
         7.7     -0.04273            1
       7.733     -0.04295            1
       7.767     -0.04313            1
         7.8     -0.04326            1
       7.833     -0.04343            1
       7.867     -0.04355            1
         7.9     -0.04362            1
       7.933     -0.04368            1
       7.967     -0.04373            1
           8     -0.04373            1
       8.033     -0.04372            1
       8.067     -0.04356            1
         8.1      -0.0432            1
       8.133     -0.04266            1
       8.167     -0.04194            1
         8.2     -0.04104            1
       8.233     -0.03998            1
       8.267     -0.03889            1
         8.3     -0.03765            1
       8.333     -0.03639            1
       8.367     -0.03508            1
         8.4     -0.03382            1
       8.433     -0.03263            1
       8.467     -0.03144            1
         8.5     -0.03037            1
       8.533     -0.02941            1
       8.567     -0.02858            1
         8.6     -0.02791            1
       8.633     -0.02739            1
       8.667     -0.02704            1
         8.7     -0.02684            1
       8.733     -0.02683            1
       8.767     -0.02697            1
         8.8     -0.02727            1
       8.833     -0.02774            1
       8.867     -0.02832            1
         8.9     -0.02899            1
       8.933     -0.02978            1
       8.967     -0.03067            1
           9     -0.03156            1
       9.033     -0.03251            1
       9.067     -0.03348            1
         9.1     -0.03442            1
       9.133     -0.03532            1
       9.167     -0.03621            1
         9.2       -0.037            1
       9.233      -0.0377            1
       9.267      -0.0383            1
         9.3     -0.03878            1
       9.333     -0.03915            1
       9.367     -0.03937            1
         9.4     -0.03949            1
       9.433     -0.03948            1
       9.467     -0.03933            1
         9.5     -0.03909            1
       9.533     -0.03868            1
       9.567     -0.03824            1
         9.6      -0.0377            1
       9.633      -0.0371            1
       9.667      -0.0364            1
         9.7     -0.03574            1
       9.733     -0.03496            1
       9.767     -0.03424            1
         9.8     -0.03353            1
       9.833     -0.03288            1
       9.867     -0.03222            1
         9.9     -0.03167            1
       9.933     -0.03115            1
       9.967     -0.03073            1
          10     -0.03042            1
       10.03     -0.03018            1
       10.07     -0.03006            1
        10.1        -0.03            1
       10.13     -0.03002            1
       10.17     -0.03017            1
        10.2     -0.03041            1
       10.23     -0.03072            1
       10.27     -0.03108            1
        10.3      -0.0315            1
       10.33     -0.03197            1
       10.37      -0.0325            1
        10.4     -0.03305            1
       10.43     -0.03359            1
       10.47     -0.03412            1
        10.5     -0.03467            1
       10.53     -0.03514            1
       10.57     -0.03567            1
        10.6     -0.03605            1
       10.63      -0.0364            1
       10.67      -0.0367            1
        10.7     -0.03693            1
       10.73      -0.0371            1
       10.77     -0.03717            1
        10.8     -0.03718            1
       10.83     -0.03714            1
       10.87     -0.03704            1
        10.9     -0.03682            1
       10.93     -0.03658            1
       10.97     -0.03628            1
          11     -0.03597            1
       11.03     -0.03562            1
       11.07     -0.03515            1
        11.1     -0.03478            1
       11.13     -0.03436            1
       11.17     -0.03394            1
        11.2     -0.03358            1
       11.23     -0.03322            1
       11.27     -0.03288            1
        11.3     -0.03257            1
       11.33     -0.03228            1
       11.37     -0.03209            1
        11.4     -0.03192            1
       11.43     -0.03181            1
       11.47     -0.03178            1
        11.5     -0.03178            1
       11.53     -0.03183            1
       11.57     -0.03192            1
        11.6     -0.03209            1
       11.63     -0.03227            1
       11.67     -0.03252            1
        11.7     -0.03276            1
       11.73     -0.03306            1
       11.77     -0.03335            1
        11.8     -0.03365            1
       11.83     -0.03395            1
       11.87     -0.03425            1
        11.9     -0.03455            1
       11.93     -0.03483            1
       11.97     -0.03507            1
          12     -0.03531            1
       12.03     -0.03555            1
       12.07     -0.03568            1
        12.1     -0.03578            1
       12.13     -0.03585            1
       12.17     -0.03587            1
        12.2     -0.03587            1
       12.23     -0.03582            1
       12.27     -0.03574            1
        12.3     -0.03563            1
       12.33     -0.03549            1
       12.37     -0.03526            1
        12.4     -0.03503            1
       12.43     -0.03484            1
       12.47     -0.03461            1
        12.5     -0.03437            1
       12.53     -0.03413            1
       12.57     -0.03389            1
        12.6     -0.03371            1
       12.63     -0.03348            1
       12.67      -0.0333            1
        12.7     -0.03316            1
       12.73     -0.03304            1
       12.77     -0.03293            1
        12.8     -0.03286            1
       12.83      -0.0328            1
       12.87      -0.0328            1
        12.9      -0.0328            1
       12.93     -0.03284            1
       12.97     -0.03288            1
          13     -0.03299            1
       13.03      -0.0331            1
       13.07     -0.03323            1
        13.1      -0.0334            1
       13.13     -0.03358            1
       13.17     -0.03375            1
        13.2      -0.0339            1
       13.23     -0.03408            1
       13.27     -0.03425            1
        13.3     -0.03447            1
       13.33     -0.03465            1
       13.37     -0.03479            1
        13.4     -0.03495            1
       13.43     -0.03507            1
       13.47     -0.03519            1
        13.5     -0.03527            1
       13.53     -0.03543            1
       13.57     -0.03549            1
        13.6     -0.03551            1
       13.63     -0.03556            1
       13.67     -0.03555            1
        13.7     -0.03557            1
       13.73     -0.03555            1
       13.77     -0.03549            1
        13.8     -0.03544            1
       13.83     -0.03538            1
       13.87     -0.03525            1
        13.9     -0.03508            1
       13.93     -0.03497            1
       13.97      -0.0349            1
          14     -0.03477            1
       14.03     -0.03461            1
       14.07     -0.03433            1
        14.1     -0.03419            1
       14.13     -0.03414            1
       14.17     -0.03399            1
        14.2     -0.03391            1
       14.23     -0.03387            1
       14.27     -0.03378            1
        14.3     -0.03367            1
       14.33     -0.03374            1
       14.37     -0.03365            1
        14.4     -0.03366            1
       14.43     -0.03375            1
       14.47     -0.03382            1
        14.5     -0.03382            1
       14.53     -0.03384            1
       14.57      -0.0339            1
        14.6     -0.03404            1
       14.63     -0.03414            1
       14.67      -0.0342            1
        14.7     -0.03428            1
       14.73     -0.03442            1
       14.77     -0.03448            1
        14.8     -0.03453            1
       14.83     -0.03461            1
       14.87     -0.03473            1
        14.9     -0.03472            1
       14.93     -0.03478            1
       14.97     -0.03488            1
          15     -0.03486            1
       15.03     -0.03485            1
       15.07     -0.03484            1
        15.1     -0.03486            1
       15.13     -0.03493            1
       15.17     -0.03479            1
        15.2     -0.03484            1
       15.23     -0.03476            1
       15.27     -0.03471            1
        15.3     -0.03464            1
       15.33     -0.03456            1
       15.37     -0.03453            1
        15.4     -0.03448            1
       15.43     -0.03436            1
       15.47     -0.03435            1
        15.5     -0.03433            1
       15.53     -0.03423            1
       15.57     -0.03417            1
        15.6     -0.03407            1
       15.63     -0.03405            1
       15.67     -0.03399            1
        15.7     -0.03406            1
       15.73     -0.03394            1
       15.77       -0.034            1
        15.8     -0.03401            1
       15.83     -0.03394            1
       15.87     -0.03399            1
        15.9       -0.034            1
       15.93     -0.03413            1
       15.97     -0.03412            1
          16     -0.03423            1
       16.03     -0.03422            1
       16.07      -0.0343            1
        16.1     -0.03444            1
       16.13     -0.03443            1
       16.17     -0.03443            1
        16.2     -0.03449            1
       16.23     -0.03457            1
       16.27     -0.03455            1
        16.3     -0.03458            1
       16.33     -0.03468            1
       16.37     -0.03462            1
        16.4     -0.03464            1
       16.43     -0.03464            1
       16.47     -0.03466            1
        16.5     -0.03465            1
       16.53     -0.03471            1
       16.57     -0.03469            1
        16.6     -0.03464            1
       16.63     -0.03461            1
       16.67     -0.03456            1
        16.7     -0.03455            1
       16.73     -0.03452            1
       16.77     -0.03447            1
        16.8     -0.03441            1
       16.83      -0.0344            1
       16.87     -0.03441            1
        16.9     -0.03436            1
       16.93     -0.03433            1
       16.97     -0.03421            1
          17     -0.03422            1
       17.03     -0.03428            1
       17.07     -0.03427            1
        17.1     -0.03427            1
       17.13     -0.03429            1
       17.17     -0.03416            1
        17.2     -0.03428            1
       17.23     -0.03428            1
       17.27     -0.03418            1
        17.3     -0.03424            1
       17.33     -0.03423            1
       17.37     -0.03432            1
        17.4     -0.03427            1
       17.43     -0.03428            1
