       1.767     -0.02691            1
         1.8     -0.02766            1
       1.833     -0.02868            1
       1.867     -0.03001            1
         1.9     -0.03156            1
       1.933     -0.03334            1
       1.967     -0.03526            1
           2      -0.0373            1
       2.033     -0.03939            1
       2.067     -0.04154            1
         2.1     -0.04361            1
       2.133     -0.04558            1
       2.167     -0.04744            1
         2.2     -0.04916            1
       2.233     -0.05065            1
       2.267     -0.05186            1
         2.3     -0.05241            1
       2.333     -0.05327            1
       2.367     -0.05347            1
         2.4     -0.05382            1
       2.433      -0.0539            1
       2.467     -0.05355            1
         2.5     -0.05334            1
       2.533     -0.05249            1
       2.567     -0.05174            1
         2.6     -0.05059            1
       2.633     -0.04928            1
       2.667     -0.04785            1
         2.7     -0.04636            1
       2.733      -0.0448            1
       2.767      -0.0432            1
         2.8      -0.0417            1
       2.833     -0.04021            1
       2.867     -0.03884            1
         2.9     -0.03754            1
       2.933     -0.03645            1
       2.967     -0.03555            1
           3     -0.03473            1
       3.033     -0.03413            1
       3.067     -0.03378            1
         3.1     -0.03365            1
       3.133     -0.03366            1
       3.167     -0.03389            1
         3.2     -0.03435            1
       3.233     -0.03496            1
       3.267     -0.03574            1
         3.3     -0.03663            1
       3.333      -0.0376            1
       3.367     -0.03871            1
         3.4     -0.03981            1
       3.433     -0.04099            1
       3.467     -0.04219            1
         3.5     -0.04333            1
       3.533     -0.04445            1
       3.567     -0.04547            1
         3.6     -0.04643            1
       3.633      -0.0472            1
       3.667     -0.04792            1
         3.7      -0.0485            1
       3.733     -0.04893            1
       3.767     -0.04917            1
         3.8     -0.04928            1
       3.833     -0.04927            1
       3.867     -0.04906            1
         3.9     -0.04875            1
       3.933     -0.04828            1
       3.967     -0.04773            1
           4     -0.04707            1
       4.033     -0.04635            1
       4.067     -0.04552            1
         4.1     -0.04468            1
       4.133     -0.04379            1
       4.167      -0.0429            1
         4.2     -0.04206            1
       4.233     -0.04124            1
       4.267     -0.04046            1
         4.3     -0.03973            1
       4.333     -0.03914            1
       4.367      -0.0386            1
         4.4     -0.03819            1
       4.433     -0.03788            1
       4.467     -0.03766            1
         4.5     -0.03759            1
       4.533     -0.03761            1
       4.567     -0.03776            1
         4.6     -0.03805            1
       4.633     -0.03837            1
       4.667     -0.03879            1
         4.7     -0.03931            1
       4.733     -0.03985            1
       4.767     -0.04051            1
         4.8     -0.04116            1
       4.833     -0.04182            1
       4.867     -0.04247            1
         4.9     -0.04309            1
       4.933     -0.04373            1
       4.967     -0.04428            1
           5     -0.04481            1
       5.033     -0.04524            1
       5.067     -0.04564            1
         5.1     -0.04595            1
       5.133     -0.04618            1
       5.167     -0.04635            1
         5.2     -0.04638            1
       5.233     -0.04636            1
       5.267     -0.04624            1
         5.3     -0.04601            1
       5.333     -0.04576            1
       5.367     -0.04541            1
         5.4     -0.04504            1
       5.433     -0.04463            1
       5.467     -0.04415            1
         5.5     -0.04367            1
       5.533     -0.04319            1
       5.567     -0.04271            1
         5.6     -0.04223            1
       5.633     -0.04177            1
       5.667     -0.04135            1
         5.7     -0.04093            1
       5.733     -0.04063            1
       5.767     -0.04033            1
         5.8     -0.04009            1
       5.833     -0.03991            1
       5.867      -0.0398            1
         5.9     -0.03979            1
       5.933      -0.0398            1
       5.967     -0.03986            1
           6     -0.04003            1
       6.033     -0.04027            1
       6.067     -0.04052            1
         6.1      -0.0408            1
       6.133     -0.04111            1
       6.167     -0.04152            1
         6.2     -0.04183            1
       6.233     -0.04219            1
       6.267     -0.04255            1
         6.3      -0.0429            1
       6.333     -0.04325            1
       6.367     -0.04356            1
         6.4     -0.04385            1
       6.433     -0.04409            1
       6.467     -0.04432            1
         6.5     -0.04446            1
       6.533     -0.04458            1
       6.567     -0.04464            1
         6.6     -0.04465            1
       6.633     -0.04463            1
       6.667     -0.04459            1
         6.7     -0.04445            1
       6.733     -0.04428            1
       6.767     -0.04409            1
         6.8     -0.04386            1
       6.833     -0.04362            1
       6.867     -0.04337            1
         6.9     -0.04309            1
       6.933     -0.04283            1
       6.967     -0.04255            1
           7     -0.04229            1
       7.033     -0.04201            1
       7.067     -0.04181            1
         7.1      -0.0416            1
       7.133     -0.04146            1
       7.167     -0.04128            1
         7.2     -0.04111            1
       7.233     -0.04105            1
       7.267     -0.04099            1
         7.3     -0.04099            1
       7.333     -0.04099            1
       7.367     -0.04102            1
         7.4     -0.04106            1
       7.433     -0.04128            1
       7.467      -0.0414            1
         7.5     -0.04158            1
       7.533     -0.04176            1
       7.567     -0.04194            1
         7.6     -0.04213            1
       7.633     -0.04236            1
       7.667     -0.04255            1
         7.7     -0.04273            1
       7.733     -0.04295            1
       7.767     -0.04313            1
         7.8     -0.04326            1
       7.833     -0.04343            1
       7.867     -0.04355            1
         7.9     -0.04362            1
       7.933     -0.04368            1
       7.967     -0.04373            1
           8     -0.04373            1
