2.9	40	0.1	6.32455532
3.0	31	0.1	5.567764363
3.1	25	0.1	5
3.2	23	0.1	4.795831523
3.3	14	0.1	3.741657387
3.4	18	0.1	4.242640687
3.5	12	0.1	3.464101615
3.6	16	0.1	4
3.7	15	0.1	3.872983346
3.8	15	0.1	3.872983346
3.9	18	0.1	4.242640687
4.0	13	0.1	3.605551275
4.1	13	0.1	3.605551275
4.2	16	0.1	4
4.3	12	0.1	3.464101615
4.4	18	0.1	4.242640687
4.5	21	0.1	4.582575695
4.6	15	0.1	3.872983346
4.7	16	0.1	4
4.8	18	0.1	4.242640687
4.9	15	0.1	3.872983346
5.0	16	0.1	4
5.1	18	0.1	4.242640687
5.2	22	0.1	4.69041576
5.3	22	0.1	4.69041576
5.4	30	0.1	5.477225575
5.5	19	0.1	4.358898944
5.6	22	0.1	4.69041576
5.7	35	0.1	5.916079783
5.8	24	0.1	4.898979486
5.9	33	0.1	5.744562647
6.0	23	0.1	4.795831523
6.1	37	0.1	6.08276253
6.2	39	0.1	6.244997998
6.3	31	0.1	5.567764363
6.4	33	0.1	5.744562647
6.5	33	0.1	5.744562647
6.6	39	0.1	6.244997998
6.7	20	0.1	4.472135955
6.8	33	0.1	5.744562647
6.9	28	0.1	5.291502622
7.0	41	0.1	6.403124237
7.1	38	0.1	6.164414003
7.2	42	0.1	6.480740698
7.3	38	0.1	6.164414003
7.4	35	0.1	5.916079783
7.5	47	0.1	6.8556546
7.6	46	0.1	6.782329983
7.7	31	0.1	5.567764363
7.8	53	0.1	7.280109889
7.9	41	0.1	6.403124237
8.0	54	0.1	7.348469228
8.1	47	0.1	6.8556546
8.2	47	0.1	6.8556546
8.3	55	0.1	7.416198487
8.4	45	0.1	6.708203932
8.5	50	0.1	7.071067812
8.6	58	0.1	7.615773106
8.7	52	0.1	7.211102551
8.8	45	0.1	6.708203932
8.9	50	0.1	7.071067812
9.0	52	0.1	7.211102551
9.1	45	0.1	6.708203932
9.2	54	0.1	7.348469228
9.3	52	0.1	7.211102551
9.4	59	0.1	7.681145748
9.5	40	0.1	6.32455532
9.6	55	0.1	7.416198487
9.7	51	0.1	7.141428429
9.8	54	0.1	7.348469228
9.9	49	0.1	7
10.0	50	0.1	7.071067812
10.1	57	0.1	7.549834435
10.2	70	0.1	8.366600265
10.3	63	0.1	7.937253933
10.4	54	0.1	7.348469228
10.5	46	0.1	6.782329983
10.6	65	0.1	8.062257748
10.7	45	0.1	6.708203932
10.8	55	0.1	7.416198487
10.9	44	0.1	6.633249581
11.0	64	0.1	8
11.1	49	0.1	7
11.2	48	0.1	6.92820323
11.3	49	0.1	7
11.4	60	0.1	7.745966692
11.5	54	0.1	7.348469228
11.6	63	0.1	7.937253933
11.7	58	0.1	7.615773106
11.8	54	0.1	7.348469228
11.9	54	0.1	7.348469228
12.0	51	0.1	7.141428429
12.1	51	0.1	7.141428429
12.2	51	0.1	7.141428429
12.3	59	0.1	7.681145748
12.4	50	0.1	7.071067812
12.5	56	0.1	7.483314774
12.6	52	0.1	7.211102551
12.7	51	0.1	7.141428429
12.8	50	0.1	7.071067812
12.9	62	0.1	7.874007874
13.0	42	0.1	6.480740698
13.1	44	0.1	6.633249581
13.2	57	0.1	7.549834435
13.3	46	0.1	6.782329983
13.4	51	0.1	7.141428429
13.5	57	0.1	7.549834435
13.6	70	0.1	8.366600265
13.7	104	0.1	10.19803903
13.8	94	0.1	9.695359715
13.9	89	0.1	9.433981132
14.0	69	0.1	8.306623863
14.1	55	0.1	7.416198487
14.2	71	0.1	8.426149773
14.3	61	0.1	7.810249676
14.4	69	0.1	8.306623863
14.5	63	0.1	7.937253933
14.6	46	0.1	6.782329983
14.7	46	0.1	6.782329983
14.8	76	0.1	8.717797887
14.9	49	0.1	7
15.0	47	0.1	6.8556546
15.1	55	0.1	7.416198487
15.2	60	0.1	7.745966692
15.3	124	0.1	11.13552873
15.4	191	0.1	13.82027496
15.5	243	0.1	15.58845727
15.6	157	0.1	12.52996409
15.7	103	0.1	10.14889157
15.8	51	0.1	7.141428429
15.9	33	0.1	5.744562647
16.0	56	0.1	7.483314774
16.1	50	0.1	7.071067812
16.2	46	0.1	6.782329983
16.3	44	0.1	6.633249581
16.4	47	0.1	6.8556546
16.5	48	0.1	6.92820323
16.6	45	0.1	6.708203932
16.7	41	0.1	6.403124237
16.8	49	0.1	7
16.9	43	0.1	6.557438524
17.0	34	0.1	5.830951895
17.1	68	0.1	8.246211251
17.2	45	0.1	6.708203932
17.3	48	0.1	6.92820323
17.4	45	0.1	6.708203932
17.5	50	0.1	7.071067812
17.6	43	0.1	6.557438524
17.7	50	0.1	7.071067812
17.8	37	0.1	6.08276253
17.9	37	0.1	6.08276253
18.0	42	0.1	6.480740698
18.1	41	0.1	6.403124237
18.2	41	0.1	6.403124237
18.3	38	0.1	6.164414003
18.4	44	0.1	6.633249581
18.5	33	0.1	5.744562647
18.6	47	0.1	6.8556546
18.7	34	0.1	5.830951895
18.8	35	0.1	5.916079783
18.9	28	0.1	5.291502622
19.0	30	0.1	5.477225575
19.1	38	0.1	6.164414003
19.2	40	0.1	6.32455532
19.3	31	0.1	5.567764363
19.4	49	0.1	7
19.5	38	0.1	6.164414003
19.6	31	0.1	5.567764363
19.7	44	0.1	6.633249581
19.8	45	0.1	6.708203932
19.9	37	0.1	6.08276253
20.0	32	0.1	5.656854249
20.1	25	0.1	5
20.2	41	0.1	6.403124237
20.3	49	0.1	7
20.4	35	0.1	5.916079783
20.5	37	0.1	6.08276253
20.6	39	0.1	6.244997998
20.7	35	0.1	5.916079783
20.8	33	0.1	5.744562647
20.9	36	0.1	6
21.0	41	0.1	6.403124237
21.1	31	0.1	5.567764363
21.2	31	0.1	5.567764363
21.3	27	0.1	5.196152423
21.4	31	0.1	5.567764363
21.5	38	0.1	6.164414003
21.6	26	0.1	5.099019514
21.7	28	0.1	5.291502622
21.8	26	0.1	5.099019514
21.9	26	0.1	5.099019514
22.0	33	0.1	5.744562647
22.1	17	0.1	4.123105626
22.2	32	0.1	5.656854249
22.3	29	0.1	5.385164807
22.4	27	0.1	5.196152423
22.5	27	0.1	5.196152423
22.6	31	0.1	5.567764363
22.7	33	0.1	5.744562647
22.8	22	0.1	4.69041576
22.9	17	0.1	4.123105626
23.0	36	0.1	6
23.1	28	0.1	5.291502622
23.2	26	0.1	5.099019514
23.3	41	0.1	6.403124237
23.4	19	0.1	4.358898944
23.5	25	0.1	5
23.6	34	0.1	5.830951895
23.7	27	0.1	5.196152423
23.8	22	0.1	4.69041576
23.9	32	0.1	5.656854249
24.0	26	0.1	5.099019514
24.1	32	0.1	5.656854249
24.2	20	0.1	4.472135955
24.3	23	0.1	4.795831523
24.4	20	0.1	4.472135955
24.5	33	0.1	5.744562647
24.6	32	0.1	5.656854249
24.7	30	0.1	5.477225575
24.8	32	0.1	5.656854249
24.9	21	0.1	4.582575695
25.0	32	0.1	5.656854249
25.1	22	0.1	4.69041576
25.2	36	0.1	6
25.3	25	0.1	5
25.4	19	0.1	4.358898944
25.5	27	0.1	5.196152423
25.6	23	0.1	4.795831523
25.7	26	0.1	5.099019514
25.8	25	0.1	5
25.9	28	0.1	5.291502622
26.0	31	0.1	5.567764363
26.1	26	0.1	5.099019514
26.2	29	0.1	5.385164807
26.3	29	0.1	5.385164807
26.4	33	0.1	5.744562647
26.5	24	0.1	4.898979486
26.6	18	0.1	4.242640687
26.7	25	0.1	5
26.8	24	0.1	4.898979486
26.9	24	0.1	4.898979486
27.0	18	0.1	4.242640687
27.1	25	0.1	5
27.2	25	0.1	5
27.3	18	0.1	4.242640687
27.4	22	0.1	4.69041576
27.5	22	0.1	4.69041576
27.6	31	0.1	5.567764363
27.7	22	0.1	4.69041576
27.8	30	0.1	5.477225575
27.9	32	0.1	5.656854249
28.0	16	0.1	4
28.1	31	0.1	5.567764363
28.2	24	0.1	4.898979486
28.3	25	0.1	5
28.4	23	0.1	4.795831523
28.5	13	0.1	3.605551275
28.6	28	0.1	5.291502622
28.7	22	0.1	4.69041576
28.8	21	0.1	4.582575695
28.9	24	0.1	4.898979486
29.0	13	0.1	3.605551275
29.1	18	0.1	4.242640687
29.2	20	0.1	4.472135955
29.3	31	0.1	5.567764363
29.4	19	0.1	4.358898944
29.5	32	0.1	5.656854249
29.6	16	0.1	4
29.7	24	0.1	4.898979486
29.8	22	0.1	4.69041576
29.9	21	0.1	4.582575695
30.0	21	0.1	4.582575695
30.1	28	0.1	5.291502622
30.2	16	0.1	4
30.3	16	0.1	4
30.4	24	0.1	4.898979486
30.5	24	0.1	4.898979486
30.6	23	0.1	4.795831523
30.7	21	0.1	4.582575695
30.8	15	0.1	3.872983346
30.9	17	0.1	4.123105626
31.0	27	0.1	5.196152423
31.1	22	0.1	4.69041576
31.2	14	0.1	3.741657387
31.3	19	0.1	4.358898944
31.4	20	0.1	4.472135955
31.5	14	0.1	3.741657387
31.6	22	0.1	4.69041576
31.7	31	0.1	5.567764363
31.8	53	0.1	7.280109889
31.9	49	0.1	7
32.0	44	0.1	6.633249581
32.1	39	0.1	6.244997998
32.2	22	0.1	4.69041576
32.3	15	0.1	3.872983346
32.4	11	0.1	3.31662479
32.5	16	0.1	4
32.6	24	0.1	4.898979486
32.7	25	0.1	5
32.8	16	0.1	4
32.9	17	0.1	4.123105626
33.0	20	0.1	4.472135955
33.1	21	0.1	4.582575695
33.2	13	0.1	3.605551275
33.3	14	0.1	3.741657387
33.4	20	0.1	4.472135955
33.5	13	0.1	3.605551275
33.6	17	0.1	4.123105626
33.7	20	0.1	4.472135955
33.8	18	0.1	4.242640687
33.9	22	0.1	4.69041576
34.0	12	0.1	3.464101615
34.1	23	0.1	4.795831523
34.2	17	0.1	4.123105626
34.3	23	0.1	4.795831523
34.4	19	0.1	4.358898944
34.5	15	0.1	3.872983346
34.6	22	0.1	4.69041576
34.7	20	0.1	4.472135955
34.8	12	0.1	3.464101615
34.9	18	0.1	4.242640687
35.0	20	0.1	4.472135955
35.1	18	0.1	4.242640687
35.2	14	0.1	3.741657387
35.3	15	0.1	3.872983346
35.4	12	0.1	3.464101615
35.5	17	0.1	4.123105626
35.6	24	0.1	4.898979486
35.7	15	0.1	3.872983346
35.8	14	0.1	3.741657387
35.9	13	0.1	3.605551275
36.0	12	0.1	3.464101615
36.1	15	0.1	3.872983346
36.2	20	0.1	4.472135955
36.3	18	0.1	4.242640687
36.4	10	0.1	3.16227766
36.5	9	0.1	3
36.6	21	0.1	4.582575695
36.7	18	0.1	4.242640687
36.8	13	0.1	3.605551275
36.9	16	0.1	4
37.0	16	0.1	4
37.1	14	0.1	3.741657387
37.2	15	0.1	3.872983346
37.3	17	0.1	4.123105626
37.4	19	0.1	4.358898944
37.5	15	0.1	3.872983346
37.6	18	0.1	4.242640687
37.7	16	0.1	4
37.8	18	0.1	4.242640687
37.9	11	0.1	3.31662479
38.0	18	0.1	4.242640687
38.1	16	0.1	4
38.2	17	0.1	4.123105626
38.3	14	0.1	3.741657387
38.4	8	0.1	2.828427125
38.5	16	0.1	4
38.6	12	0.1	3.464101615
38.7	17	0.1	4.123105626
38.8	13	0.1	3.605551275
38.9	15	0.1	3.872983346
39.0	20	0.1	4.472135955
39.1	10	0.1	3.16227766
39.2	9	0.1	3
39.3	10	0.1	3.16227766
39.4	16	0.1	4
39.5	8	0.1	2.828427125
39.6	13	0.1	3.605551275
39.7	15	0.1	3.872983346
39.8	14	0.1	3.741657387
39.9	17	0.1	4.123105626
40.0	14	0.1	3.741657387
40.1	10	0.1	3.16227766
40.2	22	0.1	4.69041576
40.3	11	0.1	3.31662479
40.4	13	0.1	3.605551275
40.5	15	0.1	3.872983346
40.6	18	0.1	4.242640687
40.7	15	0.1	3.872983346
40.8	14	0.1	3.741657387
40.9	18	0.1	4.242640687
41.0	16	0.1	4
41.1	9	0.1	3
41.2	13	0.1	3.605551275
41.3	8	0.1	2.828427125
41.4	14	0.1	3.741657387
41.5	4	0.1	2
41.6	6	0.1	2.449489743
41.7	13	0.1	3.605551275
41.8	21	0.1	4.582575695
41.9	16	0.1	4
42.0	16	0.1	4
42.1	11	0.1	3.31662479
42.2	11	0.1	3.31662479
42.3	14	0.1	3.741657387
42.4	20	0.1	4.472135955
42.5	11	0.1	3.31662479
42.6	14	0.1	3.741657387
42.7	22	0.1	4.69041576
42.8	15	0.1	3.872983346
42.9	10	0.1	3.16227766
43.0	8	0.1	2.828427125
43.1	15	0.1	3.872983346
43.2	13	0.1	3.605551275
43.3	13	0.1	3.605551275
43.4	13	0.1	3.605551275
43.5	12	0.1	3.464101615
43.6	15	0.1	3.872983346
43.7	18	0.1	4.242640687
43.8	8	0.1	2.828427125
43.9	16	0.1	4
44.0	9	0.1	3
44.1	12	0.1	3.464101615
44.2	16	0.1	4
44.3	13	0.1	3.605551275
44.4	16	0.1	4
44.5	18	0.1	4.242640687
44.6	14	0.1	3.741657387
44.7	23	0.1	4.795831523
44.8	8	0.1	2.828427125
44.9	18	0.1	4.242640687
45.0	9	0.1	3
45.1	14	0.1	3.741657387
45.2	13	0.1	3.605551275
45.3	11	0.1	3.31662479
45.4	16	0.1	4
45.5	14	0.1	3.741657387
45.6	10	0.1	3.16227766
45.7	9	0.1	3
45.8	12	0.1	3.464101615
45.9	9	0.1	3
46.0	10	0.1	3.16227766
46.1	11	0.1	3.31662479
46.2	9	0.1	3
46.3	19	0.1	4.358898944
46.4	11	0.1	3.31662479
46.5	9	0.1	3
46.6	12	0.1	3.464101615
46.7	14	0.1	3.741657387
46.8	10	0.1	3.16227766
46.9	14	0.1	3.741657387
47.0	10	0.1	3.16227766
47.1	13	0.1	3.605551275
47.2	15	0.1	3.872983346
47.3	4	0.1	2
47.4	12	0.1	3.464101615
47.5	14	0.1	3.741657387
47.6	18	0.1	4.242640687
47.7	14	0.1	3.741657387
47.8	13	0.1	3.605551275
47.9	15	0.1	3.872983346
48.0	18	0.1	4.242640687
48.1	19	0.1	4.358898944
48.2	13	0.1	3.605551275
48.3	12	0.1	3.464101615
48.4	8	0.1	2.828427125
48.5	10	0.1	3.16227766
48.6	13	0.1	3.605551275
48.7	11	0.1	3.31662479
48.8	13	0.1	3.605551275
48.9	10	0.1	3.16227766
49.0	10	0.1	3.16227766
49.1	13	0.1	3.605551275
49.2	15	0.1	3.872983346
49.3	9	0.1	3
49.4	20	0.1	4.472135955
49.5	20	0.1	4.472135955
49.6	19	0.1	4.358898944
49.7	17	0.1	4.123105626
49.8	13	0.1	3.605551275
49.9	17	0.1	4.123105626
50.0	11	0.1	3.31662479
50.1	10	0.1	3.16227766
50.2	14	0.1	3.741657387
50.3	13	0.1	3.605551275
50.4	10	0.1	3.16227766
50.5	12	0.1	3.464101615
50.6	14	0.1	3.741657387
50.7	6	0.1	2.449489743
50.8	12	0.1	3.464101615
50.9	14	0.1	3.741657387
51.0	15	0.1	3.872983346
51.1	17	0.1	4.123105626
51.2	9	0.1	3
51.3	13	0.1	3.605551275
51.4	13	0.1	3.605551275
51.5	8	0.1	2.828427125
51.6	16	0.1	4
51.7	14	0.1	3.741657387
51.8	12	0.1	3.464101615
51.9	24	0.1	4.898979486
52.0	15	0.1	3.872983346
52.1	14	0.1	3.741657387
52.2	20	0.1	4.472135955
52.3	15	0.1	3.872983346
52.4	21	0.1	4.582575695
52.5	21	0.1	4.582575695
52.6	11	0.1	3.31662479
52.7	11	0.1	3.31662479
52.8	14	0.1	3.741657387
52.9	13	0.1	3.605551275
53.0	13	0.1	3.605551275
53.1	16	0.1	4
53.2	15	0.1	3.872983346
53.3	13	0.1	3.605551275
53.4	15	0.1	3.872983346
53.5	10	0.1	3.16227766
53.6	18	0.1	4.242640687
53.7	12	0.1	3.464101615
53.8	21	0.1	4.582575695
53.9	10	0.1	3.16227766
54.0	13	0.1	3.605551275
54.1	13	0.1	3.605551275
54.2	16	0.1	4
54.3	10	0.1	3.16227766
54.4	9	0.1	3
54.5	9	0.1	3
54.6	10	0.1	3.16227766
54.7	9	0.1	3
54.8	17	0.1	4.123105626
54.9	9	0.1	3
55.0	20	0.1	4.472135955
55.1	13	0.1	3.605551275
55.2	10	0.1	3.16227766
55.3	8	0.1	2.828427125
55.4	14	0.1	3.741657387
55.5	18	0.1	4.242640687
55.6	14	0.1	3.741657387
55.7	8	0.1	2.828427125
55.8	18	0.1	4.242640687
55.9	17	0.1	4.123105626
56.0	17	0.1	4.123105626
56.1	11	0.1	3.31662479
56.2	12	0.1	3.464101615
56.3	12	0.1	3.464101615
56.4	13	0.1	3.605551275
56.5	21	0.1	4.582575695
56.6	9	0.1	3
56.7	10	0.1	3.16227766
56.8	23	0.1	4.795831523
56.9	21	0.1	4.582575695
57.0	14	0.1	3.741657387
57.1	20	0.1	4.472135955
57.2	12	0.1	3.464101615
57.3	11	0.1	3.31662479
57.4	9	0.1	3
57.5	20	0.1	4.472135955
57.6	15	0.1	3.872983346
57.7	12	0.1	3.464101615
57.8	21	0.1	4.582575695
57.9	8	0.1	2.828427125
58.0	17	0.1	4.123105626
58.1	17	0.1	4.123105626
58.2	17	0.1	4.123105626
58.3	11	0.1	3.31662479
58.4	14	0.1	3.741657387
58.5	13	0.1	3.605551275
58.6	17	0.1	4.123105626
58.7	14	0.1	3.741657387
58.8	11	0.1	3.31662479
58.9	14	0.1	3.741657387
59.0	16	0.1	4
59.1	19	0.1	4.358898944
59.2	14	0.1	3.741657387
59.3	10	0.1	3.16227766
59.4	16	0.1	4
59.5	10	0.1	3.16227766
59.6	18	0.1	4.242640687
59.7	15	0.1	3.872983346
59.8	20	0.1	4.472135955
59.9	10	0.1	3.16227766
60.0	15	0.1	3.872983346
