 0.000  0.2612
 0.010  0.7577
 0.020  0.7469
 0.030  0.8014
 0.040  0.7151
 0.050  0.1296
 0.060  -0.7047
 0.070  -0.9876
 0.080  -0.8350
 0.090  -0.6614
 0.100  -0.1109
 0.110  0.7021
 0.120  1.1260
 0.130  0.8093
 0.140  0.3350
 0.150  0.1694
 0.160  -0.3296
 0.170  -1.0745
 0.180  -1.1992
 0.190  -0.5288
 0.200  0.2367
 0.210  0.5259
 0.220  0.8006
 0.230  1.0265
 0.240  0.6332
 0.250  -0.0852
 0.260  -0.5957
 0.270  -0.7865
 0.280  -0.9692
 0.290  -0.8457
 0.300  0.0464
 0.310  0.8666
 0.320  0.9480
 0.330  0.6672
 0.340  0.5309
 0.350  0.2869
 0.360  -0.5402
 0.370  -1.1656
 0.380  -0.9772
 0.390  -0.4656
 0.400  0.0067
 0.410  0.4915
 0.420  1.0349
 0.430  1.0314
 0.440  0.3983
 0.450  -0.0606
 0.460  -0.3639
 0.470  -0.8402
 0.480  -1.1943
 0.490  -0.7638
 0.500  0.2612
 0.510  0.7577
 0.520  0.7469
 0.530  0.8014
 0.540  0.7151
 0.550  0.1296
 0.560  -0.7047
 0.570  -0.9876
 0.580  -0.8350
 0.590  -0.6614
 0.600  -0.1109
 0.610  0.7021
 0.620  1.1260
 0.630  0.8093
 0.640  0.3350
 0.650  0.1694
 
