0.055	0.575	0.001	0.001
0.055	0.595	0.001	0.001
0.085	0.6	0.001	0.001
0.12	0.625	0.001	0.001
0.155	0.625	0.001	0.001
0.19	0.64	0.001	0.001
0.225	0.67	0.001	0.001
0.26	0.72	0.001	0.001
0.295	0.78	0.001	0.001
0.33	0.84	0.001	0.001
0.36	0.91	0.001	0.001
0.395	0.975	0.001	0.001
0.43	1.065	0.001	0.001
0.465	1.18	0.001	0.001
0.5	1.325	0.001	0.001
0.535	1.495	0.001	0.001
0.57	1.685	0.001	0.001
0.605	1.91	0.001	0.001
0.635	2.18	0.001	0.001
0.67	2.54	0.001	0.001
0.705	2.965	0.001	0.001
0.74	3.375	0.001	0.001
0.775	3.7	0.001	0.001
0.81	3.995	0.001	0.001
0.845	4.335	0.001	0.001
0.875	4.74	0.001	0.001
0.91	5.215	0.001	0.001
0.945	5.77	0.001	0.001
0.98	6.325	0.001	0.001
1.015	6.845	0.001	0.001
1.05	7.365	0.001	0.001
1.085	7.845	0.001	0.001
1.115	8.13	0.001	0.001
1.15	8.135	0.001	0.001
1.185	7.975	0.001	0.001
1.22	7.915	0.001	0.001
1.255	8.03	0.001	0.001
1.29	8.16	0.001	0.001
1.32	8.035	0.001	0.001
1.355	7.565	0.001	0.001
1.39	6.91	0.001	0.001
1.425	6.27	0.001	0.001
1.46	5.775	0.001	0.001
1.495	5.395	0.001	0.001
1.525	4.93	0.001	0.001
1.56	4.51	0.001	0.001
1.595	4.09	0.001	0.001
1.63	3.68	0.001	0.001
1.665	3.24	0.001	0.001
1.7	2.83	0.001	0.001
1.735	2.435	0.001	0.001
1.765	2.055	0.001	0.001
1.8	1.755	0.001	0.001
1.835	1.54	0.001	0.001
1.835	1.36	0.001	0.001
1.87	1.23	0.001	0.001
1.905	1.13	0.001	0.001
1.935	1.05	0.001	0.001
1.97	1.05	0.001	0.001
2.005	0.98	0.001	0.001
2.04	0.91	0.001	0.001
2.075	0.845	0.001	0.001
2.11	0.785	0.001	0.001
2.14	0.73	0.001	0.001
2.175	0.68	0.001	0.001
2.21	0.635	0.001	0.001
2.245	0.595	0.001	0.001
2.28	0.555	0.001	0.001
2.315	0.52	0.001	0.001
2.345	0.49	0.001	0.001
2.38	0.47	0.001	0.001
2.415	0.445	0.001	0.001
2.45	0.43	0.001	0.001
2.485	0.415	0.001	0.001
2.52	0.405	0.001	0.001
2.55	0.395	0.001	0.001
2.585	0.385	0.001	0.001
2.62	0.375	0.001	0.001
2.655	0.37	0.001	0.001
2.69	0.36	0.001	0.001
2.725	0.365	0.001	0.001
2.76	0.345	0.001	0.001
2.79	0.34	0.001	0.001
2.825	0.34	0.001	0.001
2.86	0.335	0.001	0.001
2.895	0.335	0.001	0.001
2.93	0.33	0.001	0.001
2.965	0.33	0.001	0.001
2.995	0.33	0.001	0.001
3.03	0.33	0.001	0.001
3.065	0.335	0.001	0.001
3.1	0.34	0.001	0.001
3.135	0.345	0.001	0.001
3.17	0.345	0.001	0.001
3.2	0.35	0.001	0.001
3.235	0.36	0.001	0.001
3.27	0.365	0.001	0.001
3.305	0.37	0.001	0.001
3.34	0.38	0.001	0.001
3.37	0.39	0.001	0.001
3.405	0.405	0.001	0.001
3.44	0.42	0.001	0.001
3.475	0.435	0.001	0.001
3.51	0.445	0.001	0.001
3.545	0.46	0.001	0.001
3.575	0.48	0.001	0.001
3.61	0.505	0.001	0.001
3.645	0.535	0.001	0.001
3.645	0.565	0.001	0.001
3.68	0.6	0.001	0.001
3.715	0.645	0.001	0.001
3.75	0.645	0.001	0.001
3.78	0.69	0.001	0.001
3.815	0.74	0.001	0.001
3.85	0.8	0.001	0.001
3.885	0.88	0.001	0.001
3.92	0.985	0.001	0.001
3.95	1.12	0.001	0.001
3.985	1.265	0.001	0.001
4.02	1.43	0.001	0.001
4.055	1.62	0.001	0.001
4.09	1.865	0.001	0.001
4.125	2.135	0.001	0.001
4.155	2.49	0.001	0.001
4.19	2.92	0.001	0.001
4.225	3.375	0.001	0.001
4.26	3.845	0.001	0.001
4.295	4.29	0.001	0.001
4.33	4.72	0.001	0.001
4.36	5.175	0.001	0.001
4.395	5.775	0.001	0.001
4.43	6.53	0.001	0.001
4.465	7.355	0.001	0.001
4.5	8.025	0.001	0.001
4.53	8.315	0.001	0.001
4.565	8.26	0.001	0.001
4.6	8.085	0.001	0.001
4.635	8.04	0.001	0.001
4.67	8.15	0.001	0.001
4.7	8.355	0.001	0.001
4.735	8.355	0.001	0.001
4.77	7.96	0.001	0.001
4.805	7.27	0.001	0.001
4.84	6.475	0.001	0.001
4.875	5.775	0.001	0.001
4.905	5.22	0.001	0.001
4.94	4.745	0.001	0.001
4.975	4.285	0.001	0.001
5.01	3.79	0.001	0.001
5.045	3.27	0.001	0.001
5.075	2.76	0.001	0.001
5.11	2.335	0.001	0.001
5.145	1.985	0.001	0.001
5.18	1.705	0.001	0.001
5.215	1.485	0.001	0.001
5.25	1.305	0.001	0.001
5.285	1.15	0.001	0.001
5.32	1.03	0.001	0.001
5.35	0.925	0.001	0.001
5.385	0.835	0.001	0.001
5.42	0.765	0.001	0.001
5.42	0.705	0.001	0.001
5.455	0.65	0.001	0.001
5.49	0.605	0.001	0.001
5.52	0.605	0.001	0.001
5.555	0.565	0.001	0.001
5.59	0.53	0.001	0.001
5.625	0.505	0.001	0.001
5.66	0.475	0.001	0.001
5.695	0.455	0.001	0.001
5.725	0.435	0.001	0.001
5.76	0.42	0.001	0.001
5.795	0.405	0.001	0.001
5.83	0.39	0.001	0.001
5.865	0.38	0.001	0.001
5.895	0.37	0.001	0.001
5.93	0.36	0.001	0.001
5.965	0.355	0.001	0.001
6	0.35	0.001	0.001
6.035	0.345	0.001	0.001
6.07	0.34	0.001	0.001
6.1	0.335	0.001	0.001
6.135	0.335	0.001	0.001
6.17	0.335	0.001	0.001
6.205	0.33	0.001	0.001
6.24	0.33	0.001	0.001
6.27	0.33	0.001	0.001
6.305	0.335	0.001	0.001
6.34	0.335	0.001	0.001
6.375	0.34	0.001	0.001
6.41	0.345	0.001	0.001
6.44	0.35	0.001	0.001
6.475	0.355	0.001	0.001
6.51	0.365	0.001	0.001
6.545	0.375	0.001	0.001
6.58	0.385	0.001	0.001
6.61	0.4	0.001	0.001
6.645	0.41	0.001	0.001
6.68	0.43	0.001	0.001
6.715	0.445	0.001	0.001
6.75	0.46	0.001	0.001
6.785	0.475	0.001	0.001
6.815	0.5	0.001	0.001
6.85	0.535	0.001	0.001
6.885	0.59	0.001	0.001
6.92	0.64	0.001	0.001
6.955	0.7	0.001	0.001
6.985	0.77	0.001	0.001
7.02	0.855	0.001	0.001
7.055	0.95	0.001	0.001
7.09	1.065	0.001	0.001
7.12	1.21	0.001	0.001
7.155	1.38	0.001	0.001
7.19	1.575	0.001	0.001
7.225	1.815	0.001	0.001
7.225	2.11	0.001	0.001
7.26	2.48	0.001	0.001
7.29	2.915	0.001	0.001
7.325	2.915	0.001	0.001
7.36	3.425	0.001	0.001
7.395	3.925	0.001	0.001
7.43	4.4	0.001	0.001
7.465	4.825	0.001	0.001
7.495	5.31	0.001	0.001
7.53	6.005	0.001	0.001
7.565	6.755	0.001	0.001
7.6	7.51	0.001	0.001
7.635	7.97	0.001	0.001
7.665	8.395	0.001	0.001
7.7	8.18	0.001	0.001
7.735	8.08	0.001	0.001
7.77	8.09	0.001	0.001
7.805	8.14	0.001	0.001
7.84	7.88	0.001	0.001
7.87	7.655	0.001	0.001
7.905	7.105	0.001	0.001
7.94	6.285	0.001	0.001
7.975	5.455	0.001	0.001
8.01	4.765	0.001	0.001
8.04	4.215	0.001	0.001
8.075	3.68	0.001	0.001
8.11	3.235	0.001	0.001
8.145	2.71	0.001	0.001
8.18	2.25	0.001	0.001
8.21	1.955	0.001	0.001
8.245	1.68	0.001	0.001
8.28	1.51	0.001	0.001
8.315	1.335	0.001	0.001
8.35	1.17	0.001	0.001
8.38	1.02	0.001	0.001
8.415	0.905	0.001	0.001
8.45	0.815	0.001	0.001
8.485	0.74	0.001	0.001
8.515	0.675	0.001	0.001
8.55	0.625	0.001	0.001
8.585	0.575	0.001	0.001
8.62	0.54	0.001	0.001
8.655	0.51	0.001	0.001
8.685	0.48	0.001	0.001
8.72	0.455	0.001	0.001
8.755	0.435	0.001	0.001
8.79	0.415	0.001	0.001
8.825	0.4	0.001	0.001
8.86	0.385	0.001	0.001
8.895	0.375	0.001	0.001
8.925	0.36	0.001	0.001
8.96	0.355	0.001	0.001
8.995	0.345	0.001	0.001
8.995	0.34	0.001	0.001
9.03	0.335	0.001	0.001
9.065	0.33	0.001	0.001
9.095	0.325	0.001	0.001
9.13	0.325	0.001	0.001
9.165	0.325	0.001	0.001
9.2	0.325	0.001	0.001
9.235	0.325	0.001	0.001
9.27	0.325	0.001	0.001
9.3	0.33	0.001	0.001
9.335	0.33	0.001	0.001
9.37	0.335	0.001	0.001
9.405	0.34	0.001	0.001
9.425	0.345	0.001	0.001
9.43	0.35	0.001	0.001
