  0        0 000
   1        0 000
   2        0 000
   3        0 000
   4        0 000
   5        0 000
   6        0 000
   7        0 000
   8        0 000
   9        0 000
  10        0 000
  11        0 000
  12        0 000
  13      141 000
  14      366 000
  15      338 000
  16      347 000
  17      335 000
  18      378 000
  19      400 000
  20      380 000
  21      444 000
  22      394 001
  23      480 001
  24      489 001
  25      413 001
  26      450 001
  27      441 001
  28      492 001
  29      506 001
  30      495 001
  31      459 001
  32      465 001
  33      482 001
  34      507 001
  35      519 001
  36      524 001
  37      551 001
  38      597 001
  39      629 001
  40      641 001
  41      659 001
  42      665 001
  43      712 001
  44      788 001
  45      803 001
  46      867 001
  47      853 001
  48      924 001
  49      991 001
  50     1032 001
  51     1022 001
  52     1027 001
  53     1071 001
  54     1110 001
  55     1130 001
  56     1190 001
  57     1214 001
  58     1291 001
  59     1318 001
  60     1359 001
  61     1247 001
  62     1282 001
  63     1324 001
  64     1247 001
  65     1253 001
  66     1259 001
  67     1241 001
  68     1231 001
  69     1237 001
  70     1285 001
  71     1283 001
  72     1235 001
  73     1240 001
  74     1171 001
  75     1171 001
  76     1236 001
  77     1161 001
  78     1152 001
  79     1142 001
  80     1231 001
  81     1164 001
  82     1142 001
  83     1169 001
  84     1129 001
  85     1109 001
  86     1102 001
  87     1014 001
  88     1095 001
  89     1045 001
  90     1009 001
  91     1022 001
  92     1052 001
  93     1017 001
  94     1044 001
  95      986 001
  96     1005 001
  97      966 001
  98     1028 001
  99     1001 001
 100      960 001
 101      915 001
 102      928 001
 103      973 001
 104      922 001
 105      881 001
 106      883 001
 107      868 001
 108      930 001
 109      845 001
 110      885 001
 111      837 001
 112      873 001
 113      868 001
 114      835 001
 115      840 001
 116      729 001
 117      763 001
 118      777 001
 119      756 001
 120      767 001
 121      750 001
 122      703 001
 123      759 001
 124      727 001
 125      756 001
 126      729 001
 127      706 001
 128      735 001
 129      744 001
 130      742 001
 131      656 001
 132      697 001
 133      734 000
 134      683 000
 135      700 000
 136      669 000
 137      679 000
 138      679 000
 139      648 002
 140      703 002
 141      684 002
 142      674 002
 143      747 002
 144      687 002
 145      735 002
 146      791 002
 147      804 002
 148      765 002
 149      794 002
 150      801 002
 151      805 002
 152      788 002
 153      837 002
 154      787 002
 155      821 002
 156      816 002
 157      768 002
 158      745 002
 159      815 002
 160      787 002
 161      823 002
 162      771 002
 163      767 002
 164      795 002
 165      730 002
 166      759 002
 167      715 002
 168      659 002
 169      647 002
 170      647 002
 171      658 002
 172      610 002
 173      581 002
 174      617 002
 175      588 002
 176      599 000
 177      591 000
 178      560 000
 179      562 000
 180      535 000
 181      508 000
 182      532 000
 183      516 000
 184      450 000
 185      493 000
 186      434 000
 187      476 000
 188      484 000
 189      425 000
 190      467 000
 191      448 000
 192      406 000
 193      407 000
 194      479 000
 195      419 000
 196      473 000
 197      423 000
 198      436 000
 199      454 000
 200      425 000
 201      397 000
 202      431 000
 203      439 000
 204      392 000
 205      409 000
 206      408 000
 207      400 000
 208      399 000
 209      383 000
 210      402 000
 211      387 000
 212      357 000
 213      369 000
 214      385 000
 215      356 000
 216      360 000
 217      352 000
 218      347 000
 219      326 000
 220      337 000
 221      349 000
 222      373 000
 223      340 000
 224      356 000
 225      352 000
 226      348 000
 227      334 000
 228      362 000
 229      330 000
 230      313 000
 231      327 000
 232      328 000
 233      319 000
 234      341 000
 235      334 000
 236      336 000
 237      325 000
 238      315 000
 239      317 000
 240      331 000
 241      309 000
 242      253 000
 243      296 000
 244      288 000
 245      304 000
 246      294 000
 247      277 000
 248      288 000
 249      278 000
 250      266 000
 251      273 000
 252      282 000
 253      259 000
 254      294 000
 255      252 000
 256      252 000
 257      276 000
 258      263 000
 259      252 000
 260      242 000
 261      257 000
 262      246 000
 263      253 000
 264      231 000
 265      229 000
 266      247 000
 267      273 000
 268      270 000
 269      239 000
 270      253 000
 271      246 000
 272      248 000
 273      240 000
 274      227 000
 275      200 000
 276      255 000
 277      239 000
 278      251 000
 279      213 000
 280      235 000
 281      255 000
 282      261 000
 283      261 000
 284      242 000
 285      244 000
 286      238 000
 287      242 000
 288      237 000
 289      231 000
 290      243 000
 291      231 000
 292      205 000
 293      237 000
 294      212 000
 295      212 000
 296      225 000
 297      251 000
 298      260 000
 299      247 000
 300      234 000
 301      268 000
 302      233 000
 303      226 000
 304      242 000
 305      254 000
 306      258 000
 307      233 000
 308      220 000
 309      223 000
 310      253 000
 311      222 000
 312      221 000
 313      221 000
 314      236 000
 315      228 000
 316      228 000
 317      216 000
 318      217 000
 319      230 000
 320      209 000
 321      223 000
 322      210 000
 323      235 000
 324      229 000
 325      215 000
 326      210 000
 327      257 000
 328      227 000
 329      220 000
 330      218 000
 331      195 000
 332      221 000
 333      247 000
 334      223 000
 335      208 000
 336      248 000
 337      232 000
 338      218 000
 339      266 000
 340      227 000
 341      202 000
 342      206 000
 343      237 000
 344      212 000
 345      228 000
 346      206 000
 347      214 000
 348      204 000
 349      224 000
 350      186 000
 351      220 000
 352      206 000
 353      207 000
 354      193 000
 355      216 000
 356      231 000
 357      249 000
 358      229 000
 359      194 000
 360      196 000
 361      217 000
 362      229 000
 363      187 000
 364      217 000
 365      212 000
 366      224 000
 367      234 000
 368      208 000
 369      200 000
 370      203 000
 371      203 000
 372      209 000
 373      216 000
 374      193 000
 375      213 000
 376      221 000
 377      211 000
 378      241 000
 379      216 000
 380      222 000
 381      224 000
 382      240 000
 383      208 000
 384      200 000
 385      210 000
 386      209 000
 387      210 000
 388      218 000
 389      213 000
 390      222 000
 391      230 000
 392      244 000
 393      216 000
 394      243 000
 395      201 000
 396      198 000
 397      219 000
 398      207 000
 399      228 000
 400      211 000
 401      214 000
 402      202 000
 403      233 000
 404      225 000
 405      228 000
 406      221 000
 407      190 000
 408      193 000
 409      211 000
 410      223 000
 411      214 000
 412      189 000
 413      214 000
 414      209 000
 415      199 000
 416      245 000
 417      211 000
 418      185 000
 419      184 000
 420      216 000
 421      199 000
 422      216 000
 423      178 000
 424      220 000
 425      194 000
 426      194 000
 427      233 000
 428      207 000
 429      214 000
 430      240 000
 431      187 000
 432      203 000
 433      212 000
 434      194 000
 435      222 000
 436      232 000
 437      215 000
 438      173 000
 439      223 000
 440      202 000
 441      206 000
 442      204 000
 443      218 000
 444      188 000
 445      206 000
 446      177 000
 447      212 000
 448      205 000
 449      224 000
 450      214 000
 451      218 000
 452      213 000
 453      233 000
 454      217 000
 455      206 000
 456      215 000
 457      226 000
 458      212 000
 459      231 000
 460      208 000
 461      233 000
 462      207 000
 463      211 000
 464      225 000
 465      210 000
 466      239 000
 467      202 000
 468      217 000
 469      224 000
 470      221 000
 471      194 000
 472      230 000
 473      224 000
 474      200 000
 475      222 000
 476      185 000
 477      198 000
 478      216 000
 479      212 000
 480      198 000
 481      225 000
 482      223 000
 483      210 000
 484      220 000
 485      209 000
 486      206 000
 487      215 000
 488      213 000
 489      204 000
 490      237 000
 491      212 000
 492      216 000
 493      232 000
 494      238 000
 495      202 000
 496      235 000
 497      225 000
 498      212 000
 499      214 000
 500      220 000
 501      172 000
 502      209 000
 503      216 000
 504      236 000
 505      232 000
 506      239 000
 507      243 000
 508      249 000
 509      235 000
 510      223 000
 511      260 000
 512      246 000
 513      232 000
 514      204 000
 515      231 000
 516      198 000
 517      243 000
 518      242 000
 519      254 000
 520      234 000
 521      234 000
 522      267 000
 523      197 000
 524      221 000
 525      246 000
 526      230 000
 527      235 000
 528      211 000
 529      230 000
 530      248 000
 531      212 000
 532      222 000
 533      246 000
 534      231 000
 535      233 000
 536      263 000
 537      262 000
 538      230 000
 539      225 000
 540      256 000
 541      251 000
 542      255 000
 543      246 000
 544      223 000
 545      277 000
 546      250 000
 547      250 000
 548      280 000
 549      241 000
 550      260 000
 551      260 000
 552      242 000
 553      240 000
 554      238 000
 555      251 000
 556      234 000
 557      247 000
 558      263 000
 559      251 000
 560      282 000
 561      265 000
 562      259 000
 563      239 000
 564      268 000
 565      255 000
 566      246 000
 567      253 000
 568      269 000
 569      269 000
 570      261 000
 571      256 000
 572      237 000
 573      264 000
 574      269 000
 575      257 000
 576      275 000
 577      268 000
 578      283 000
 579      279 000
 580      275 000
 581      229 000
 582      247 000
 583      261 000
 584      283 000
 585      257 000
 586      254 000
 587      242 000
 588      278 000
 589      241 000
 590      265 000
 591      289 000
 592      274 000
 593      275 000
 594      257 000
 595      243 000
 596      287 000
 597      277 000
 598      263 000
 599      255 000
 600      226 000
 601      259 000
 602      272 000
 603      255 000
 604      256 000
 605      261 000
 606      259 000
 607      251 000
 608      238 000
 609      238 000
 610      254 000
 611      231 000
 612      216 000
 613      246 000
 614      235 000
 615      206 000
 616      215 000
 617      189 000
 618      190 000
 619      176 000
 620      225 000
 621      209 000
 622      194 000
 623      189 000
 624      191 000
 625      186 000
 626      194 000
 627      174 000
 628      152 000
 629      168 000
 630      210 000
 631      175 000
 632      185 000
 633      186 000
 634      206 000
 635      157 000
 636      177 000
 637      153 000
 638      168 000
 639      160 000
 640      156 000
 641      171 000
 642      175 000
 643      168 000
 644      155 000
 645      172 000
 646      168 000
 647      158 000
 648      173 000
 649      154 000
 650      172 000
 651      185 000
 652      161 000
 653      178 000
 654      160 000
 655      177 000
 656      171 000
 657      165 000
 658      174 000
 659      152 000
 660      156 000
 661      156 000
 662      161 000
 663      169 000
 664      175 000
 665      141 000
 666      168 000
 667      150 000
 668      171 000
 669      157 000
 670      180 000
 671      162 000
 672      133 000
 673      173 000
 674      160 000
 675      154 000
 676      154 000
 677      154 000
 678      140 000
 679      143 000
 680      158 000
 681      160 000
 682      161 000
 683      148 000
 684      153 000
 685      153 000
 686      128 000
 687      152 000
 688      148 000
 689      142 000
 690      144 000
 691      136 000
 692      137 000
 693      147 000
 694      156 000
 695      132 000
 696      133 000
 697      133 000
 698      143 000
 699      131 000
 700      149 000
 701      129 000
 702      117 000
 703      130 000
 704      112 000
 705      159 000
 706      120 000
 707      124 000
 708      106 000
 709      120 000
 710       97 000
 711      122 000
 712      121 000
 713       90 000
 714      113 000
 715      117 000
 716      119 000
 717      109 000
 718      120 000
 719      107 000
 720      118 000
 721      114 003
 722      102 003
 723      113 003
 724      138 003
 725      127 003
 726      131 003
 727      161 003
 728      139 003
 729      149 003
 730      190 003
 731      204 003
 732      198 003
 733      234 003
 734      228 003
 735      193 003
 736      225 003
 737      294 003
 738      324 003
 739      337 003
 740      337 003
 741      358 003
 742      363 003
 743      363 003
 744      415 003
 745      399 003
 746      403 003
 747      478 003
 748      473 003
 749      478 003
 750      537 003
 751      553 003
 752      534 003
 753      537 003
 754      527 003
 755      572 003
 756      575 003
 757      519 003
 758      544 003
 759      598 003
 760      539 003
 761      530 003
 762      605 003
 763      528 003
 764      470 003
 765      536 003
 766      491 003
 767      481 003
 768      435 003
 769      445 003
 770      449 003
 771      380 003
 772      364 003
 773      393 003
 774      309 003
 775      331 003
 776      280 003
 777      248 003
 778      255 003
 779      221 003
 780      192 003
 781      177 003
 782      158 003
 783      164 003
 784      160 003
 785      146 003
 786      122 003
 787      103 003
 788       79 003
 789       83 003
 790       67 003
 791       73 003
 792       72 003
 793       44 003
 794       41 003
 795       45 003
 796       48 003
 797       43 003
 798       35 003
 799       36 003
 800       31 003
 801       20 003
 802       25 003
 803       18 003
 804       24 000
 805       20 000
 806       20 000
 807       23 000
 808       18 004
 809        8 004
 810       30 004
 811       29 004
 812       26 004
 813       26 004
 814       18 004
 815       35 004
 816       25 004
 817       28 004
 818       40 004
 819       34 004
 820       33 004
 821       45 004
 822       38 004
 823       45 004
 824       70 004
 825       68 004
 826       85 004
 827       79 004
 828       87 004
 829       87 004
 830      125 004
 831      112 004
 832      142 004
 833      133 004
 834      154 004
 835      179 004
 836      198 004
 837      194 004
 838      237 004
 839      192 004
 840      226 004
 841      262 004
 842      277 004
 843      265 004
 844      311 004
 845      308 004
 846      324 004
 847      366 004
 848      324 004
 849      387 004
 850      377 004
 851      388 004
 852      403 004
 853      393 004
 854      412 004
 855      484 004
 856      443 004
 857      394 004
 858      419 004
 859      424 004
 860      425 004
 861      397 004
 862      439 004
 863      376 004
 864      450 004
 865      421 004
 866      376 004
 867      387 004
 868      332 004
 869      354 004
 870      360 004
 871      321 004
 872      293 004
 873      308 004
 874      266 004
 875      262 004
 876      213 004
 877      252 004
 878      203 004
 879      199 004
 880      168 004
 881      158 004
 882      163 004
 883      139 004
 884      139 004
 885      119 004
 886      114 004
 887      101 004
 888       78 004
 889       68 004
 890       87 004
 891       80 004
 892       64 004
 893       50 004
 894       46 004
 895       44 004
 896       48 004
 897       32 004
 898       27 004
 899       36 004
 900       20 004
 901       23 004
 902       20 004
 903       11 000
 904       18 000
 905       20 000
 906       13 000
 907       17 000
 908       16 000
 909        8 000
 910        9 000
 911       16 000
 912       11 000
 913       18 000
 914       12 000
 915       18 000
 916       15 000
 917       21 000
 918       18 000
 919       16 000
 920       16 000
 921       19 000
 922       25 000
 923       33 000
 924       28 000
 925       21 000
 926       28 000
 927       21 000
 928       24 000
 929       21 000
 930       26 000
 931       29 000
 932       35 000
 933       40 000
 934       25 000
 935       23 000
 936       23 000
 937       41 000
 938       38 000
 939       36 000
 940       22 000
 941       25 000
 942       35 000
 943       28 000
 944       35 000
 945       25 000
 946       26 000
 947       32 000
 948       24 000
 949       27 000
 950       29 000
 951       22 000
 952       23 000
 953       29 000
 954       26 000
 955       16 000
 956       19 000
 957       28 000
 958       13 000
 959       23 000
 960        9 000
 961       12 000
 962       15 000
 963       13 000
 964       20 000
 965       10 000
 966       15 000
 967        9 000
 968        6 000
 969        5 000
 970       15 000
 971        8 000
 972       13 000
 973        8 000
 974        2 000
 975        6 000
 976        2 000
 977        5 000
 978        4 000
 979        9 000
 980        4 000
 981        7 000
 982        4 000
 983        6 000
 984        7 000
 985        5 000
 986        5 000
 987        3 000
 988        4 000
 989        5 000
 990        4 000
 991        9 000
 992        6 000
 993        7 000
 994        4 000
 995        2 000
 996        6 000
 997        4 000
 998        5 000
 999        5 000
1000        9 000
1001        4 000
1002        7 000
1003        3 000
1004        4 000
1005        4 000
1006        5 000
1007        4 000
1008        2 000
1009        7 000
1010        4 000
1011        3 000
1012        7 000
1013        3 000
1014        7 000
1015        5 000
1016        2 000
1017        3 000
1018        4 000
1019        6 000
1020        2 000
1021        3 000
1022        2 000
1023        3 000
