  0        0 000
   1        0 000
   2        0 000
   3        0 000
   4        0 000
   5        0 000
   6        0 000
   7        0 000
   8        0 000
   9        0 000
  10        0 000
  11        0 000
  12        0 000
  13      770 000
  14     1782 000
  15     1834 000
  16     1846 000
  17     2033 000
  18     2069 001
  19     2264 001
  20     2447 001
  21     2745 001
  22     3335 001
  23     4209 001
  24     5872 001
  25     9984 001
  26    18949 001
  27    29576 001
  28    27827 001
  29    15682 001
  30     9078 001
  31     6427 001
  32     3993 001
  33     2504 001
  34     2132 001
  35     1964 001
  36     2033 001
  37     2057 001
  38     2066 001
  39     2124 000
  40     2112 000
  41     2142 000
  42     2110 000
  43     2161 000
  44     2135 000
  45     2150 000
  46     2240 000
  47     2180 000
  48     2285 000
  49     2279 000
  50     2263 000
  51     2292 000
  52     2352 000
  53     2340 000
  54     2350 000
  55     2423 000
  56     2380 000
  57     2500 000
  58     2446 000
  59     2412 000
  60     2438 000
  61     2350 000
  62     2384 000
  63     2366 000
  64     2373 000
  65     2427 000
  66     2409 000
  67     2278 000
  68     2427 000
  69     2430 000
  70     2363 000
  71     2306 000
  72     2318 000
  73     2360 000
  74     2363 000
  75     2352 000
  76     2343 000
  77     2308 000
  78     2411 000
  79     2375 000
  80     2363 000
  81     2327 000
  82     2405 000
  83     2425 000
  84     2395 000
  85     2468 000
  86     2435 000
  87     2341 000
  88     2458 000
  89     2475 000
  90     2347 000
  91     2362 000
  92     2387 000
  93     2324 000
  94     2416 000
  95     2357 000
  96     2428 000
  97     2432 000
  98     2473 000
  99     2412 000
 100     2345 000
 101     2377 000
 102     2406 000
 103     2392 000
 104     2416 000
 105     2397 000
 106     2441 000
 107     2357 000
 108     2389 000
 109     2463 000
 110     2362 002
 111     2457 002
 112     2372 002
 113     2448 002
 114     2567 002
 115     2540 002
 116     2650 002
 117     2782 002
 118     2908 002
 119     3042 002
 120     3311 002
 121     3429 002
 122     3666 002
 123     3911 002
 124     3984 002
 125     4118 002
 126     4077 002
 127     4176 002
 128     4216 002
 129     4270 002
 130     4146 002
 131     4111 002
 132     4088 002
 133     3868 002
 134     3796 002
 135     3714 002
 136     3594 002
 137     3533 002
 138     3459 002
 139     3397 002
 140     3239 002
 141     3163 002
 142     3113 002
 143     3108 002
 144     3057 002
 145     3006 002
 146     2932 002
 147     2837 002
 148     2765 002
 149     2726 002
 150     2713 002
 151     2733 002
 152     2602 002
 153     2543 002
 154     2542 002
 155     2508 002
 156     2358 002
 157     2462 002
 158     2465 002
 159     2402 002
 160     2238 002
 161     2378 002
 162     2331 002
 163     2259 002
 164     2218 002
 165     2164 002
 166     2176 002
 167     2234 002
 168     2146 002
 169     2137 002
 170     2091 002
 171     2221 000
 172     2032 000
 173     1945 000
 174     1999 000
 175     2033 000
 176     1946 000
 177     1974 000
 178     1946 000
 179     1956 000
 180     1971 000
 181     1901 000
 182     1973 000
 183     1830 000
 184     1920 000
 185     1920 000
 186     1887 000
 187     1866 000
 188     1795 000
 189     1858 000
 190     1922 000
 191     1895 000
 192     1789 000
 193     1772 000
 194     1834 000
 195     1767 000
 196     1779 000
 197     1714 000
 198     1818 000
 199     1831 000
 200     1797 000
 201     1762 000
 202     1787 000
 203     1854 000
 204     1736 000
 205     1721 000
 206     1722 000
 207     1784 000
 208     1730 000
 209     1780 000
 210     1663 000
 211     1638 000
 212     1738 000
 213     1758 000
 214     1686 000
 215     1684 000
 216     1702 000
 217     1724 000
 218     1751 000
 219     1720 000
 220     1742 000
 221     1651 000
 222     1694 000
 223     1750 000
 224     1751 000
 225     1736 000
 226     1689 000
 227     1665 000
 228     1654 000
 229     1645 000
 230     1735 000
 231     1713 000
 232     1714 000
 233     1684 000
 234     1678 000
 235     1759 000
 236     1732 000
 237     1706 000
 238     1725 000
 239     1716 000
 240     1683 000
 241     1743 000
 242     1765 000
 243     1700 000
 244     1719 000
 245     1814 000
 246     1781 000
 247     1735 000
 248     1839 000
 249     1735 000
 250     1743 000
 251     1802 000
 252     1780 000
 253     1799 000
 254     1826 000
 255     1792 000
 256     1786 000
 257     1868 000
 258     1805 000
 259     1809 000
 260     1792 000
 261     1835 000
 262     1813 000
 263     1872 000
 264     1914 000
 265     1799 000
 266     1866 000
 267     1861 000
 268     1919 000
 269     1881 000
 270     1893 000
 271     1854 000
 272     1918 000
 273     1872 000
 274     1924 000
 275     1866 000
 276     1926 000
 277     1868 000
 278     1877 000
 279     1852 000
 280     1730 000
 281     1722 000
 282     1691 000
 283     1660 000
 284     1544 000
 285     1489 000
 286     1475 000
 287     1387 000
 288     1373 000
 289     1284 000
 290     1185 000
 291     1204 000
 292     1094 000
 293     1035 000
 294      946 000
 295      914 000
 296      867 000
 297      792 000
 298      819 000
 299      720 000
 300      661 000
 301      667 000
 302      588 000
 303      613 000
 304      553 000
 305      587 000
 306      513 000
 307      499 000
 308      453 000
 309      467 000
 310      430 000
 311      424 000
 312      420 000
 313      383 000
 314      409 000
 315      406 000
 316      359 000
 317      360 000
 318      337 000
 319      323 000
 320      344 000
 321      344 000
 322      311 000
 323      273 000
 324      267 000
 325      297 000
 326      251 000
 327      244 000
 328      259 000
 329      252 000
 330      208 000
 331      209 000
 332      189 000
 333      229 000
 334      189 000
 335      219 000
 336      192 000
 337      168 000
 338      175 000
 339      177 000
 340      147 000
 341      167 000
 342      172 000
 343      164 000
 344      157 000
 345      199 000
 346      147 000
 347      151 000
 348      142 000
 349      132 000
 350      156 000
 351      142 000
 352      157 000
 353      141 000
 354      161 000
 355      143 000
 356      134 000
 357      138 000
 358      150 000
 359      135 000
 360      134 000
 361      142 000
 362      129 000
 363      159 000
 364      123 000
 365      134 000
 366      126 000
 367      156 000
 368      134 000
 369      141 000
 370      132 000
 371      145 000
 372      152 000
 373      188 000
 374      200 000
 375      210 000
 376      271 003
 377      293 003
 378      402 003
 379      434 003
 380      474 003
 381      636 003
 382      780 003
 383      943 003
 384     1114 003
 385     1375 003
 386     1666 003
 387     1876 003
 388     2263 003
 389     2610 003
 390     3039 003
 391     3511 003
 392     3978 003
 393     4573 003
 394     4960 003
 395     5637 003
 396     6109 003
 397     6767 003
 398     7363 003
 399     7966 003
 400     8698 003
 401     9137 003
 402     9559 003
 403    10009 003
 404    10458 003
 405    10876 003
 406    10933 003
 407    11212 003
 408    11026 003
 409    10941 003
 410    10675 003
 411    10331 003
 412    10212 003
 413     9676 003
 414     9199 003
 415     8665 003
 416     7920 003
 417     7426 003
 418     6784 003
 419     6103 003
 420     5537 003
 421     4711 003
 422     4225 003
 423     3678 003
 424     3255 003
 425     2637 003
 426     2258 003
 427     1828 003
 428     1577 003
 429     1243 003
 430     1046 003
 431      797 003
 432      592 003
 433      482 003
 434      363 003
 435      287 003
 436      243 003
 437      181 000
 438      128 000
 439      117 000
 440       66 000
 441       60 000
 442       39 000
 443       42 000
 444       36 000
 445       24 000
 446       27 000
 447       33 000
 448       20 000
 449       24 000
 450       13 000
 451       19 000
 452       20 000
 453       16 000
 454       17 000
 455       13 000
 456       18 000
 457       13 000
 458       16 000
 459       17 000
 460       16 000
 461       23 000
 462       22 000
 463       10 000
 464       20 000
 465       16 000
 466       23 000
 467       12 000
 468       18 000
 469       14 000
 470       14 000
 471       18 000
 472       18 000
 473       21 000
 474       15 000
 475       15 000
 476       14 000
 477       22 000
 478       18 000
 479       20 000
 480       18 000
 481       18 000
 482       18 000
 483       13 000
 484       16 000
 485       10 000
 486       20 000
 487       12 000
 488       13 000
 489       19 000
 490       14 000
 491       18 000
 492       16 000
 493       16 000
 494       17 000
 495       13 000
 496       10 000
 497       17 000
 498       16 000
 499       14 000
 500        9 000
 501       15 000
 502        6 000
 503       10 000
 504        7 000
 505       10 000
 506        9 000
 507       14 000
 508       12 000
 509       23 000
 510        5 000
 511       14 000
 512       14 000
 513       14 000
 514       14 000
 515       21 000
 516       13 000
 517       16 000
 518        7 000
 519       17 000
 520       11 000
 521       12 000
 522        9 000
 523        9 000
 524       15 000
 525       16 000
 526       11 000
 527       11 000
 528       11 000
 529       16 000
 530       14 000
 531       10 000
 532       14 000
 533       11 000
 534       15 000
 535       16 000
 536       14 000
 537       17 000
 538       16 000
 539       13 000
 540       12 000
 541       10 000
 542       17 000
 543        9 000
 544       13 000
 545       15 000
 546       10 000
 547       10 000
 548       10 000
 549       11 000
 550       18 000
 551       16 000
 552       18 000
 553       13 000
 554       12 000
 555       17 000
 556        8 000
 557       17 000
 558       14 000
 559       14 000
 560       12 000
 561       12 000
 562       17 000
 563       19 000
 564       17 000
 565        8 000
 566        4 000
 567       13 000
 568       15 000
 569        9 000
 570        4 000
 571        8 000
 572       18 000
 573        9 000
 574       14 000
 575       13 000
 576       12 000
 577       15 000
 578       13 000
 579       13 000
 580       12 000
 581       11 000
 582       15 000
 583       11 000
 584       13 000
 585       16 000
 586        8 000
 587       13 000
 588       10 000
 589       10 000
 590        4 000
 591       15 000
 592       10 000
 593       11 000
 594       10 000
 595        9 000
 596       14 000
 597       11 000
 598       13 000
 599       12 000
 600       13 000
 601        9 000
 602       10 000
 603       10 000
 604       10 000
 605        7 000
 606        8 000
 607        9 000
 608        5 000
 609        8 000
 610        5 000
 611        5 000
 612       10 000
 613        4 000
 614        8 000
 615       12 000
 616       11 000
 617       14 000
 618        3 000
 619        1 000
 620       14 000
 621       11 000
 622        8 000
 623       14 000
 624       10 000
 625        7 000
 626        7 000
 627        8 000
 628        9 000
 629       15 000
 630       11 000
 631        5 000
 632        8 000
 633        5 000
 634        8 000
 635        5 000
 636        6 000
 637       11 000
 638        5 000
 639       10 000
 640        6 000
 641        7 000
 642        9 000
 643        8 000
 644       11 000
 645       10 000
 646        8 000
 647       11 000
 648        8 000
 649        6 000
 650        7 000
 651        9 000
 652       13 000
 653       11 000
 654        5 000
 655        5 000
 656        7 000
 657        9 000
 658        7 000
 659        9 000
 660        8 000
 661       14 000
 662       14 000
 663        7 000
 664       10 000
 665        9 000
 666        8 000
 667       11 000
 668       10 000
 669       13 000
 670        7 000
 671        9 000
 672        7 000
 673       11 000
 674        9 000
 675       11 000
 676        9 000
 677        5 000
 678       11 000
 679       11 000
 680        8 000
 681        8 000
 682       14 000
 683       17 000
 684       10 000
 685       13 000
 686       18 000
 687        8 000
 688       12 000
 689       10 000
 690       12 000
 691        5 000
 692        9 000
 693       12 000
 694       10 000
 695        8 000
 696        8 000
 697        8 000
 698       10 000
 699        7 000
 700        3 000
 701        4 000
 702       12 000
 703        7 000
 704       12 000
 705       10 000
 706        6 000
 707       14 000
 708        9 000
 709        6 000
 710        9 000
 711       16 000
 712        7 000
 713        5 000
 714       11 000
 715        7 000
 716        8 000
 717        7 000
 718        6 000
 719        6 000
 720        9 000
 721        9 000
 722        9 000
 723        8 000
 724        8 000
 725        7 000
 726        9 000
 727        7 000
 728        9 000
 729        5 000
 730       12 000
 731        6 000
 732       10 000
 733        9 000
 734       12 000
 735        6 000
 736        8 000
 737        7 000
 738        7 000
 739        5 000
 740        6 000
 741        8 000
 742        6 000
 743        4 000
 744        3 000
 745        2 000
 746        4 000
 747        5 000
 748        9 000
 749        5 000
 750        2 000
 751        3 000
 752        3 000
 753        5 000
 754        0 000
 755        6 000
 756        6 000
 757        5 000
 758       10 000
 759        3 000
 760        0 000
 761        6 000
 762        5 000
 763        3 000
 764        8 000
 765        4 000
 766        2 000
 767        3 000
 768        3 000
 769        3 000
 770        2 000
 771        3 000
 772        5 000
 773        2 000
 774        4 000
 775        5 000
 776        4 000
 777        3 000
 778        6 000
 779        1 000
 780        2 000
 781        5 000
 782        6 000
 783        2 000
 784        3 000
 785        6 000
 786        7 000
 787        3 000
 788        7 000
 789        5 000
 790        2 000
 791        4 000
 792        2 000
 793        7 000
 794        2 000
 795        2 000
 796        4 000
 797        4 000
 798        3 000
 799        3 000
 800        2 000
 801        2 000
 802        5 000
 803        2 000
 804        5 000
 805        3 000
 806        3 000
 807        2 000
 808        4 000
 809        1 000
 810        1 000
 811        7 000
 812        3 000
 813        4 000
 814        3 000
 815        3 000
 816        5 000
 817        5 000
 818        4 000
 819        5 000
 820        2 000
 821        7 000
 822        3 000
 823        2 000
 824        3 000
 825        4 000
 826        1 000
 827        5 000
 828        2 000
 829        2 000
 830        1 000
 831        2 000
 832        3 000
 833        5 000
 834        5 000
 835        1 000
 836        2 000
 837        1 000
 838        2 000
 839        3 000
 840        1 000
 841        3 000
 842        2 000
 843        1 000
 844        9 000
 845        5 000
 846        4 000
 847        5 000
 848        3 000
 849        2 000
 850        4 000
 851        3 000
 852        4 000
 853       10 000
 854        9 000
 855        8 000
 856        4 000
 857        5 000
 858       16 000
 859        9 000
 860        6 000
 861        8 000
 862        6 000
 863        7 000
 864       17 000
 865        9 000
 866        6 000
 867        9 000
 868       10 000
 869       19 000
 870       11 000
 871       20 000
 872       14 000
 873        9 000
 874       12 000
 875       16 000
 876       15 000
 877       19 000
 878       26 000
 879       10 000
 880       19 000
 881       13 000
 882        9 000
 883       15 000
 884       11 000
 885       14 000
 886       14 000
 887       17 000
 888        5 000
 889       15 000
 890       14 000
 891       12 000
 892       14 000
 893        4 000
 894       13 000
 895        6 000
 896        9 000
 897        8 000
 898        6 000
 899       14 000
 900        9 000
 901        5 000
 902        7 000
 903        7 000
 904        7 000
 905        5 000
 906        5 000
 907        4 000
 908        4 000
 909        3 000
 910        3 000
 911        2 000
 912        5 000
 913        0 000
 914        3 000
 915        2 000
 916        2 000
 917        0 000
 918        1 000
 919        0 000
 920        4 000
 921        3 000
 922        4 000
 923        2 000
 924        1 000
 925        3 000
 926        0 000
 927        0 000
 928        2 000
 929        0 000
 930        1 000
 931        0 000
 932        1 000
 933        0 000
 934        0 000
 935        1 000
 936        0 000
 937        1 000
 938        0 000
 939        2 000
 940        1 000
 941        1 000
 942        1 000
 943        1 000
 944        1 000
 945        0 000
 946        1 000
 947        2 000
 948        0 000
 949        3 000
 950        1 000
 951        0 000
 952        1 000
 953        2 000
 954        0 000
 955        0 000
 956        4 000
 957        2 000
 958        2 000
 959        3 000
 960        2 000
 961        0 000
 962        1 000
 963        4 000
 964        2 000
 965        0 000
 966        0 000
 967        2 000
 968        1 000
 969        1 000
 970        0 000
 971        0 000
 972        0 000
 973        1 000
 974        3 000
 975        2 000
 976        4 000
 977        0 000
 978        3 000
 979        0 000
 980        0 000
 981        1 000
 982        2 000
 983        1 000
 984        2 000
 985        1 000
 986        4 000
 987        0 000
 988        1 000
 989        1 000
 990        0 000
 991        0 000
 992        1 000
 993        1 000
 994        0 000
 995        1 000
 996        2 000
 997        0 000
 998        1 000
 999        3 000
1000        0 000
1001        0 000
1002        2 000
1003        1 000
1004        1 000
1005        0 000
1006        1 000
1007        1 000
1008        0 000
1009        0 000
1010        0 000
1011        0 000
1012        1 000
1013        1 000
1014        1 000
1015        1 000
1016        1 000
1017        4 000
1018        0 000
1019        0 000
1020        1 000
1021        1 000
1022        1 000
1023        0 000
