31	12876
32	13003
33	12898
34	12603
35	12849
36	12855
37	12692
38	12705
39	12463
40	12604
41	12767
42	12679
43	12497
44	12534
45	12571
46	12427
47	12622
48	12639
49	12597
50	12583
51	12434
52	12339
53	12275
54	12260
55	12365
56	12543
57	12388
58	12388
59	12641
60	12951
61	13065
62	13376
63	13800
64	14411
65	14510
66	14785
67	15063
68	15047
69	15118
70	15172
71	14977
72	14690
73	14387
74	14051
75	13912
76	13899
77	13759
78	13415
79	13545
80	13250
81	13074
82	13231
83	12805
84	13055
85	12811
86	12481
87	12538
88	12370
89	12621
90	12441
91	12499
92	12318
93	12176
94	12137
95	12109
96	12201
97	11865
98	11737
99	11632
100	11692
101	11671
102	11553
103	11466
104	11519
105	11517
106	11252
107	11225
108	11263
109	11372
110	11243
111	11221
112	11406
113	11205
114	11234
115	11084
116	11017
117	11109
118	11218
119	11148
120	11056
121	11077
122	11203
123	11034
124	11134
125	11005
126	10999
127	11038
128	11038
129	11262
130	11134
131	11088
132	11158
133	11138
134	11297
135	11275
136	11328
137	11218
138	11309
139	11568
140	11214
141	11235
142	11155
143	11165
144	10991
145	10721
146	10761
147	10579
148	10137
149	9982
150	9649
151	9436
152	9018
153	8571
154	8277
155	7721
156	7213
157	6848
158	6395
159	5839
160	5428
161	5040
162	4728
163	4164
164	4072
165	3694
166	3369
167	3200
168	2977
169	2862
170	2567
171	2473
172	2430
173	2240
174	2254
175	2154
176	2050
177	1920
178	1841
179	1883
180	1850
181	1796
182	1927
183	1985
184	2120
185	2169
186	2329
187	2644
188	2984
189	3436
190	3927
191	4568
192	5331
193	6370
194	7213
195	8645
196	10155
197	11671
198	13604
199	15861
200	18182
201	20653
202	23623
203	26409
204	30007
205	32884
206	36486
207	39383
208	42708
209	45775
210	47439
211	49758
212	51867
213	52559
214	52815
215	52943
216	52162
217	50808
218	48715
219	46177
220	42530
221	39001
222	35539
223	32076
224	28061
225	24462
226	21163
227	17915
228	14756
229	12300
230	9984
231	7920
232	6241
233	4964
234	3786
235	2959
236	2208
237	1675
238	1252
239	1015
240	738
241	647
242	480
243	413
244	347
245	302
246	304
247	264
248	255
249	218
250	217
251	244
252	223
253	231
254	220
255	197
256	203
257	206
258	228
259	197
260	189
261	205
262	204
263	200
264	237
265	200
266	205
267	197
268	200
269	186
270	189
271	180
272	198
273	176
274	165
275	159
276	185
277	175
278	186
279	182
280	194
281	165
282	162
283	159
284	154
285	149
286	168
287	147
288	132
289	158
290	146
291	157
292	143
293	131
294	119
295	140
296	161
297	147
298	122
299	137
300	119
301	122
302	109
303	113
304	112
305	123
306	127
307	117
308	132
309	117
310	117
311	133
312	116
313	91
314	111
315	113
316	121
317	104
318	114
319	98
320	106
321	93
322	128
323	99
324	102
325	101
326	105
327	95
328	96
329	111
330	106
331	94
332	74
333	101
334	104
335	104
336	101
337	87
338	87
339	91
340	100
341	73
342	92
343	87
344	93
345	73
346	84
347	76
348	102
349	75
350	78
351	74
352	81
353	79
354	58
355	58
356	86
357	56
358	72
359	60
360	71
361	86
362	81
363	67
364	64
365	79
366	66
367	58
368	77
369	55
370	70
371	63
372	59
373	60
374	54
375	67
376	76
377	72
378	45
379	45
380	60
381	59
382	62
383	62
384	65
385	59
386	68
387	60
388	64
389	71
390	53
391	59
392	58
393	62
394	56
395	64
396	62
397	63
398	65
399	66
400	65
401	66
402	62
403	61
404	68
405	58
406	69
407	62
408	71
409	64
410	61
411	65
412	80
413	70
414	64
415	56
416	55
417	62
418	54
419	55
420	58
421	45
422	46
423	57
424	39
425	43
426	53
427	46
428	47
429	31
430	39
431	39
432	34
433	28
434	30
435	25
436	23
437	31
438	29
439	25
440	30
441	15
442	34
443	22
444	19
445	24
446	20
447	24
448	12
449	25
450	18
451	15
452	24
453	24
454	16
455	16
456	24
457	16
458	23
459	16
460	16
461	14
462	12
463	17
464	14
465	20
466	16
467	11
468	15
469	6
470	16
471	9
472	6
473	9
474	6
475	4
476	17
477	4
478	9
479	7
480	5
481	6
482	3
483	7
484	5
485	3
486	5
487	5
488	6
489	1
490	2
491	2
492	4
493	4
494	0
495	5
496	3
497	2
498	2
499	5
500	1
501	4
502	1
503	2
504	3
505	4
506	5
507	3
508	0
509	2
510	2
511	4
512	2
513	2
514	7
515	2
516	2
517	7
518	1
519	4
520	1
521	1
522	3
523	2
524	3
525	2
526	7
527	4
528	1
529	0
530	5
531	0
532	3
533	1
534	2
535	2
536	4
537	5
538	1
539	1
540	1
541	2
542	3
543	4
544	0
545	1
546	1
547	4
548	2
549	1
550	1
551	2
552	1
553	2
554	4
555	0
556	5
557	1
558	3
559	0
560	2
561	3
562	5
563	3
564	1
565	2
566	2
567	2
568	2
569	2
570	1
571	1
572	0
573	2
574	1
575	4
576	1
577	1
578	1
579	0
580	4
581	0
582	1
583	1
584	0
585	1
586	2
587	2
588	0
589	1
590	2
591	1
592	0
593	0
594	3
595	2
596	0
597	0
598	1
599	2
600	0
601	2
602	0
603	1
604	0
605	1
606	0
607	1
608	1
609	3
610	1
611	1
612	0
613	3
614	3
615	1
616	1
617	0
618	0
619	2
620	1
621	3
622	1
623	2
624	2
625	2
626	1
627	0
628	0
629	0
630	0
631	2
632	0
633	1
634	2
635	0
636	1
637	5
638	0
639	4
640	1
641	0
642	2
643	1
644	3
645	3
646	3
647	1
648	3
649	0
650	2
651	1
652	2
653	4
654	3
655	4
656	1
657	1
658	1
659	2
660	2
661	1
662	2
663	0
664	3
665	1
666	1
667	0
668	2
669	2
670	1
671	3
672	3
673	1
674	3
675	0
676	0
677	3
678	1
679	1
680	0
681	2
682	0
683	1
684	0
685	0
686	4
687	2
688	0
689	5
690	1
691	0
692	2
693	1
694	0
695	0
696	1
697	0
698	0
699	1
700	1
701	2
702	0
703	0
704	2
705	0
706	0
707	1
708	0
709	0
710	1
711	0
712	0
713	1
714	0
715	0
716	0
717	2
718	0
719	0
720	0
721	2
722	0
723	0
724	0
725	0
726	1
727	0
728	0
729	0
730	1
731	1
732	1
733	1
734	1
735	0
736	0
737	3
738	0
739	0
740	0
741	0
742	0
743	2
744	1
745	0
746	1
747	2
748	0
749	0
750	0
751	0
752	1
753	1
754	0
755	1
756	0
757	2
758	0
759	1
760	1
761	3
762	3
763	0
764	2
765	0
766	1
767	2
768	0
769	1
770	0
771	2
772	0
773	0
774	0
775	0
776	0
777	0
778	0
779	2
780	0
781	0
782	0
783	1
784	2
785	1
786	0
787	1
788	0
789	2
790	0
791	1
792	0
793	0
794	1
795	0
796	0
797	0
798	0
799	0
800	2
801	1
802	0
803	0
804	1
805	0
806	1
807	1
808	1
809	0
810	2
811	0
812	1
813	1
814	0
815	1
816	2
817	0
818	3
819	0
820	0
821	0
822	1
823	0
824	0
825	0
826	0
827	1
828	1
829	0
830	0
831	0
832	1
833	0
834	0
835	0
836	0
837	1
838	0
839	0
840	0
841	1
842	0
843	0
844	0
845	0
846	0
847	0
848	0
849	0
850	1
851	0
852	0
853	0
854	0
855	0
856	0
857	0
858	0
859	0
860	0
861	0
862	0
863	0
864	0
865	1
866	0
867	0
868	0
869	0
870	0
871	0
872	0
873	0
874	0
875	0
876	0
877	0
878	0
879	0
880	0
881	0
882	0
883	0
884	0
885	0
886	0
887	0
888	0
889	0
890	0
891	0
892	0
893	0
894	0
895	0
896	0
897	0
898	0
899	0
900	0
901	0
902	0
903	0
904	0
905	0
906	0
907	0
908	0
909	0
910	0
911	0
912	0
913	0
914	0
915	0
916	0
917	0
918	0
919	0
920	0
921	0
922	0
923	0
924	0
925	0
926	0
927	1
928	0
929	0
930	0
931	0
932	0
933	0
934	0
935	0
936	0
937	0
938	0
939	0
940	0
941	0
942	0
943	0
944	0
945	0
946	0
947	0
948	0
949	0
950	0
951	0
952	0
953	0
954	0
955	0
956	0
957	0
958	0
959	0
960	0
961	0
962	1
963	0
964	0
965	0
966	0
967	0
968	0
969	0
970	0
971	0
972	0
973	0
974	0
975	0
976	0
977	0
978	0
979	0
980	0
981	0
982	0
983	0
984	1
985	0
986	0
987	0
988	0
989	0
990	0
991	0
992	0
993	0
994	0
995	0
996	0
997	0
998	0
999	0
1000	0
1001	0
1002	0
1003	0
1004	0
1005	0
1006	0
1007	0
1008	0
1009	0
1010	0
1011	0
1012	0
1013	0
1014	0
1015	0
1016	0
1017	1
1018	1
1019	0
1020	0
1021	0
1022	0
1023	0
