0        0 000
1        0 000
2        0 000
3        0 000
4        0 000
5        1 000
   6       28 000
   7      486 000
   8      748 000
   9      773 000
  10      808 000
  11      869 000
  12      945 000
  13      937 000
  14      993 000
  15     1023 000
  16     1024 000
  17     1124 000
  18     1145 000
  19     1161 000
  20     1107 000
  21     1210 000
  22     1233 000
  23     1226 000
  24     1254 000
  25     1236 000
  26     1353 000
  27     1298 000
  28     1289 000
  29     1348 000
  30     1442 000
  31     1377 000
  32     1395 000
  33     1430 000
  34     1380 000
  35     1423 000
  36     1454 000
  37     1540 000
  38     1603 000
  39     1515 000
  40     1629 000
  41     1535 000
  42     1525 000
  43     1516 000
  44     1518 000
  45     1542 000
  46     1488 000
  47     1518 000
  48     1565 000
  49     1468 000
  50     1430 000
  51     1407 000
  52     1315 000
  53     1338 000
  54     1334 000
  55     1310 000
  56     1144 000
  57     1213 000
  58     1226 000
  59     1140 000
  60     1112 000
  61     1014 000
  62     1034 000
  63     1003 000
  64     1039 000
  65      870 000
  66      891 000
  67      847 000
  68      827 000
  69      778 000
  70      739 000
  71      776 000
  72      694 000
  73      687 000
  74      599 000
  75      609 000
  76      603 000
  77      555 000
  78      539 000
  79      497 000
  80      492 000
  81      451 000
  82      462 000
  83      419 000
  84      397 000
  85      394 000
  86      421 000
  87      384 000
  88      378 000
  89      366 000
  90      346 000
  91      383 000
  92      375 000
  93      420 000
  94      342 000
  95      355 000
  96      386 000
  97      382 000
  98      374 000
  99      378 000
 100      379 000
 101      382 000
 102      394 000
 103      419 000
 104      401 000
 105      426 000
 106      470 000
 107      465 001
 108      519 001
 109      548 001
 110      618 001
 111      660 001
 112      687 001
 113      750 001
 114      884 001
 115      953 001
 116     1059 001
 117     1031 001
 118      940 001
 119      741 001
 120      422 001
 121      258 001
 122      216 000
 123      194 000
 124      225 000
 125      195 000
 126      135 000
 127      101 000
 128       44 000
 129       21 000
 130       12 000
 131       15 000
 132        9 000
 133       10 000
 134        8 000
 135        9 000
 136        8 000
 137        8 000
 138        5 000
 139       13 000
 140        6 000
 141        7 000
 142        3 000
 143        5 000
 144        3 000
 145        2 000
 146        6 000
 147        2 000
 148        1 000
 149        0 000
 150        4 000
 151        4 000
 152        4 000
 153        4 000
 154        1 000
 155        2 000
 156        1 000
 157        1 000
 158        2 000
 159        2 000
 160        2 000
 161        0 000
 162        1 000
 163        0 000
 164        2 000
 165        1 000
 166        0 000
 167        0 000
 168        2 000
 169        2 000
 170        2 000
 171        3 000
 172        2 000
 173        1 000
 174        1 000
 175        0 000
 176        0 000
 177        0 000
 178        1 000
 179        0 000
 180        1 000
 181        0 000
 182        0 000
 183        0 000
 184        0 000
 185        0 000
 186        0 000
 187        0 000
 188        0 000
 189        0 000
 190        0 000
 191        0 000
 192        0 000
 193        0 000
 194        0 000
 195        0 000
 196        0 000
 197        2 000
 198        0 000
 199        0 000
