0			7280		0	0
0.0072463768115942	7614.399	0	0
0.0144927536231884	7057.401	0	0
0.0217391304347826	7248.75		0	0
0.0289855072463768	7402.998	0	0
0.036231884057971	7577.997	0	0
0.0434782608695652	7211.197	0	0
0.0507246376811594	7390.249	0	0
0.0579710144927536	7407.6		0	0
0.0652173913043478	7162.806	0	0
0.072463768115942	7292.999	0	0
0.0797101449275362	7483.598	0	0
0.0869565217391304	7152.6		0	0
0.0942028985507246	7528.196	0	0
0.101449275362319	7199.3		0	0
0.108695652173913	7303.504	0	0
0.115942028985507	7243.998	0	0
0.123188405797101	7120.158	0	0
0.130434782608696	7499.289	0	0
0.13768115942029	7431.445	0	0
0.144927536231884	7401.997	0	0
0.152173913043478	7575.029	0	0
0.159420289855072	7383.195	0	0
0.166666666666667	7017.313	0	0
0.173913043478261	7128.404	0	0
0.181159420289855	7429.002	0	0
0.188405797101449	7096.713	0	0
0.195652173913043	7570.285	0	0
0.202898550724638	7224.404	0	0
0.210144927536232	7408		0	0
0.217391304347826	7543.987	0	0
0.22463768115942	7368.738	0	0
0.231884057971014	7228.798	0	0
0.239130434782609	7321.396	0	0
0.246376811594203	7476.094	0	0
0.253623188405797	7030.762	0	0
0.260869565217391	7472.208	0	0
0.268115942028985	7319.938	0	0
0.27536231884058	7391.683	0	0
0.282608695652174	7599.617	0	0
0.289855072463768	7416.013	0	0
0.297101449275362	7747.693	0	0
0.304347826086957	7268.686	0	0
0.311594202898551	7267.093	0	0
0.318840579710145	7466.581	0	0
0.326086956521739	7254.028	0	0
0.333333333333333	7188.711	0	0
0.340579710144928	7336.429	0	0
0.347826086956522	7432.796	0	0
0.355072463768116	7623.621	0	0
0.36231884057971	7227.514	0	0
0.369565217391304	7417.73		0	0
0.376811594202899	7144.446	0	0
0.384057971014493	7210.422	0	0
0.391304347826087	7350.028	0	0
0.398550724637681	7179.514	0	0
0.405797101449275	7452.39		0	0
0.41304347826087	7589.228	0	0
0.420289855072464	7236.311	0	0
0.427536231884058	7404.582	0	0
0.434782608695652	7230.016	0	0
0.442028985507246	7452.948	0	0
0.449275362318841	7246.524	0	0
0.456521739130435	7312		0	0
0.463768115942029	7257.613	0	0
0.471014492753623	7530.014	0	0
0.478260869565217	7224.379	0	0
0.485507246376812	7305.613	0	0
0.492753623188406	7186.018	0	0
0.5			7492.061	0	0
0.507246376811594	7324.498	0	0
0.514492753623188	7210.589	0	0
0.521739130434783	7409.176	0	0
0.528985507246377	7452.874	0	0
0.536231884057971	7410.635	0	0
0.543478260869565	7283.969	0	0
0.550724637681159	7433.822	0	0
0.557971014492754	7355.848	0	0
0.565217391304348	7494.645	0	0
0.572463768115942	7295.617	0	0
0.579710144927536	7236.002	0	0
0.58695652173913	7580.156	0	0
0.594202898550725	7344	0	0
0.601449275362319	7398.587	0	0
0.608695652173913	7488.65	0	0
0.615942028985507	7452.974	0	0
0.623188405797101	7391.325	0	0
0.630434782608696	7315.068	0	0
0.63768115942029	7358.391	0	0
0.644927536231884	7167.024	0	0
0.652173913043478	7171.535	0	0
0.659420289855072	7588.819	0	0
0.666666666666667	7369.421	0	0
0.673913043478261	7440.567	0	0
0.681159420289855	7497.463	0	0
0.688405797101449	7385.505	0	0
0.695652173913043	7366.37	0	0
0.702898550724638	7212.198	0	0
0.710144927536232	7318.195	0	0
0.717391304347826	7239.237	0	0
0.72463768115942	7528.971	0	0
0.731884057971014	7056.842	0	0
0.739130434782609	7157.361	0	0
0.746376811594203	7293.832	0	0
0.753623188405797	7307.581	0	0
0.760869565217391	7237.011	0	0
0.768115942028985	7408.092	0	0
0.77536231884058	7327.825	0	0
0.782608695652174	7263.375	0	0
0.789855072463768	7328	0	0
0.797101449275362	7596.44	0	0
0.804347826086956	7418.73	0	0
0.811594202898551	7484.765	0	0
0.818840579710145	7298.876	0	0
0.826086956521739	7408.158	0	0
0.833333333333333	7377.084	0	0
0.840579710144927	7520.5	0	0
0.847826086956522	7422.441	0	0
0.855072463768116	7229.515	0	0
0.86231884057971	7305.672	0	0
0.869565217391304	7359.975	0	0
0.876811594202898	7497.096	0	0
0.884057971014493	7296.167	0	0
0.891304347826087	7481.838	0	0
0.898550724637681	7482.439	0	0
0.905797101449275	7288.279	0	0
0.91304347826087	7391.517	0	0
0.920289855072464	7622.587	0	0
0.927536231884058	7292.773	0	0
0.934782608695652	7482.08	0	0
0.942028985507246	7278.966	0	0
0.94927536231884	7585.951	0	0
0.956521739130435	7359.742	0	0
0.963768115942029	7493.228	0	0
0.971014492753623	7432.663	0	0
0.978260869565217	7489.768	0	0
0.985507246376812	7401.196	0	0
0.992753623188406	7460.686	0	0
1	7372.265	0	0
1.00724637681159	7356.49	0	0
1.01449275362319	7398.037	0	0
1.02173913043478	7659.698	0	0
1.02898550724638	7569.592	0	0
1.03623188405797	7641.613	0	0
1.04347826086957	7586.426	0	0
1.05072463768116	7597.015	0	0
1.05797101449275	7628.506	0	0
1.06521739130435	7771.723	0	0
1.07246376811594	7739.231	0	0
1.07971014492754	7779.085	0	0
1.08695652173913	7803.164	0	0
1.09420289855072	7939.093	0	0
1.10144927536232	7809.743	0	0
1.10869565217391	7656.346	0	0
1.11594202898551	7650.968	0	0
1.1231884057971	7728.375	0	0
1.1304347826087	7568.784	0	0
1.13768115942029	7759.708	0	0
1.14492753623188	7817.055	0	0
1.15217391304348	7679.908	0	0
1.15942028985507	7728.033	0	0
1.16666666666667	7192.054	0	0
1.17391304347826	7344.625	0	0
1.18115942028986	7547.239	0	0
1.18840579710145	7476.494	0	0
1.19565217391304	7282.034	0	0
1.20289855072464	7575.696	0	0
1.21014492753623	7355.039	0	0
1.21739130434783	7536.809	0	0
1.22463768115942	7367.545	0	0
1.23188405797101	7293.982	0	0
1.23913043478261	7665.426	0	0
1.2463768115942	7608.888	0	0
1.2536231884058	7361.817	0	0
1.26086956521739	7553.409	0	0
1.26811594202899	7360	0	0
1.27536231884058	7220.736	0	0
1.28260869565217	7503.383	0	0
1.28985507246377	7400.905	0	0
1.29710144927536	7480.821	0	0
1.30434782608696	7442.827	0	0
1.31159420289855	7432.696	0	0
1.31884057971015	7227.314	0	0
1.32608695652174	7419.464	0	0
1.33333333333333	7842.41	0	0
1.34057971014493	7439.683	0	0
1.34782608695652	7470.183	0	0
1.35507246376812	7250.451	0	0
1.36231884057971	7446.712	0	0
1.3695652173913	7050.906	0	0
1.3768115942029	7338.456	0	0
1.38405797101449	7380.46	0	0
1.39130434782609	7321.505	0	0
1.39855072463768	7641.105	0	0
1.40579710144928	7348.719	0	0
1.41304347826087	7497.713	0	0
1.42028985507246	7618.584	0	0
1.42753623188406	7522.668	0	0
1.43478260869565	7356.198	0	0
1.44202898550725	7356.09	0	0
1.44927536231884	7356.073	0	0
1.45652173913043	7528.663	0	0
1.46376811594203	7376	0	0
1.47101449275362	7655.454	0	0
1.47826086956522	7456.775	0	0
1.48550724637681	7714.852	0	0
1.49275362318841	7632.809	0	0
1.5	7425.909	0	0
1.50724637681159	7268.027	0	0
1.51449275362319	7469.624	0	0
1.52173913043478	7262.549	0	0
1.52898550724638	7359.667	0	0
1.53623188405797	7323.156	0	0
1.54347826086957	7445.211	0	0
1.55072463768116	7135.183	0	0
1.55797101449275	7497.421	0	0
1.56521739130435	7484.056	0	0
1.57246376811594	7378.31	0	0
1.57971014492754	7321.472	0	0
1.58695652173913	7570.602	0	0
1.59420289855072	7468.948	0	0
1.60144927536232	7288.446	0	0
1.60869565217391	7449.413	0	0
1.61594202898551	7313.909	0	0
1.6231884057971	7448.087	0	0
1.6304347826087	7600	0	0
1.63768115942029	7291.964	0	0
1.64492753623188	7403.356	0	0
1.65217391304348	7296.158	0	0
1.65942028985507	7265.984	0	0
1.66666666666667	7297.434	0	0
1.67391304347826	7396.444	0	0
1.68115942028986	7678.758	0	0
1.68840579710145	7546.063	0	0
1.69565217391304	7344.767	0	0
1.70289855072464	7520.976	0	0
1.71014492753623	7495.154	0	0
1.71739130434783	7654.562	0	0
1.72463768115942	7558.312	0	0
1.73188405797101	7879.037	0	0
1.73913043478261	7536.1	0	0
1.7463768115942	7304.563	0	0
1.7536231884058	7487.149	0	0
1.76086956521739	7316.469	0	0
1.76811594202899	7339.381	0	0
1.77536231884058	7511.487	0	0
1.78260869565217	7270.162	0	0
1.78985507246377	7283.802	0	0
1.79710144927536	7775.316	0	0
1.80434782608696	7559.195	0	0
1.81159420289855	7350.428	0	0
1.81884057971015	7477.461	0	0
1.82608695652174	7565.099	0	0
1.83333333333333	7371.223	0	0
1.84057971014493	7428.227	0	0
1.84782608695652	7214.057	0	0
1.85507246376812	7548.84	0	0
1.86231884057971	7312.567	0	0
1.8695652173913	7301.653	0	0
1.8768115942029	7818.789	0	0
1.88405797101449	7517.007	0	0
1.89130434782609	7447.704	0	0
1.89855072463768	7305.863	0	0
1.90579710144928	7624.921	0	0
1.91304347826087	7424.759	0	0
1.92028985507246	7153.375	0	0
1.92753623188406	7445.544	0	0
1.93478260869565	7269.002	0	0
1.94202898550725	7566.733	0	0
1.94927536231884	7417.855	0	0
1.95652173913043	7382.028	0	0
1.96376811594203	7344	0	0
1.97101449275362	7434.464	0	0
1.97826086956522	7552.8	0	0
1.98550724637681	7206.979	0	0
1.99275362318841	7490.543	0	0
2	7600	0	0
2.00724637681159	7309.857	0	0
2.01449275362319	7291.948	0	0
2.02173913043478	7292.256	0	0
2.02898550724638	7324.073	0	0
2.03623188405797	7586.401	0	0
2.04347826086957	7348.644	0	0
2.05072463768116	7359.417	0	0
2.05797101449275	7569.792	0	0
2.06521739130435	7093.703	0	0
2.07246376811594	7474.459	0	0
2.07971014492754	7247.208	0	0
2.08695652173913	7443.26	0	0
2.09420289855072	7344.575	0	0
2.10144927536232	7814.87	0	0
2.10869565217391	7514.497	0	0
2.11594202898551	7373.949	0	0
2.1231884057971	7174.929	0	0
2.1304347826087	7265.292	0	0
2.13768115942029	7375.85	0	0
2.14492753623188	7505.692	0	0
2.15217391304348	7424.008	0	0
2.15942028985507	7451.631	0	0
2.16666666666667	7944.029	0	0
2.17391304347826	7435.039	0	0
2.18115942028985	7327.983	0	0
2.18840579710145	7429.353	0	0
2.19565217391304	7356.631	0	0
2.20289855072464	7242.297	0	0
2.21014492753623	7342.516	0	0
2.21739130434783	7231.308	0	0
2.22463768115942	7407.358	0	0
2.23188405797101	7358.224	0	0
2.23913043478261	7640.413	0	0
2.2463768115942	7394.459	0	0
2.2536231884058	7465.372	0	0
2.26086956521739	7268.703	0	0
2.26811594202899	7435.214	0	0
2.27536231884058	7608.121	0	0
2.28260869565217	7126.287	0	0
2.28985507246377	7660.548	0	0
2.29710144927536	7296.425	0	0
2.30434782608696	7375.633	0	0
2.31159420289855	7408.208	0	0
2.31884057971014	7616.125	0	0
2.32608695652174	7249.692	0	0
2.33333333333333	7313.084	0	0
2.34057971014493	7504.792	0	0
2.34782608695652	7599.792	0	0
2.35507246376812	7457.551	0	0
2.36231884057971	7364.01	0	0
2.3695652173913	7201.076	0	0
2.3768115942029	7617.226	0	0
2.38405797101449	7460.586	0	0
2.39130434782609	7744	0	0
2.39855072463768	7648.759	0	0
2.40579710144928	7822.783	0	0
2.41304347826087	7707.389	0	0
2.42028985507246	7564.757	0	0
2.42753623188406	7651.727	0	0
2.43478260869565	7637.028	0	0
2.44202898550725	8219.164	0	0
2.44927536231884	8070.17	0	0
2.45652173913043	8565.036	0	0
2.46376811594203	9614.266	0	0
2.47101449275362	9602.826	0	0
2.47826086956522	9632.792	0	0
2.48550724637681	8890.172	0	0
2.49275362318841	9320.463	0	0
2.5	8601.547	0	0
2.50724637681159	8410.472	0	0
2.51449275362319	7852.231	0	0
2.52173913043478	8179.318	0	0
2.52898550724638	7668.377	0	0
2.53623188405797	7777.817	0	0
2.54347826086957	7547.323	0	0
2.55072463768116	7531.448	0	0
2.55797101449275	7251.91	0	0
2.56521739130435	7552	0	0
2.57246376811594	7555.685	0	0
2.57971014492754	7291.139	0	0
2.58695652173913	7408.392	0	0
2.59420289855072	7289.547	0	0
2.60144927536232	7644.731	0	0
2.60869565217391	7290.197	0	0
2.61594202898551	7488.634	0	0
2.6231884057971	7450.547	0	0
2.6304347826087	7450.797	0	0
2.63768115942029	7209.905	0	0
2.64492753623188	7280.55	0	0
2.65217391304348	7348.953	0	0
2.65942028985507	7382.27	0	0
2.66666666666667	7241.83	0	0
2.67391304347826	7025.217	0	0
2.68115942028985	7586.51	0	0
2.68840579710145	7256.955	0	0
2.69565217391304	7690.781	0	0
2.70289855072464	7589.319	0	0
2.71014492753623	7657.805	0	0
2.71739130434783	7272.279	0	0
2.72463768115942	7518.674	0	0
2.73188405797101	7399.42	0	0
2.73913043478261	7392.008	0	0
2.7463768115942	7685.444	0	0
2.7536231884058	7770.772	0	0
2.76086956521739	7544.221	0	0
2.76811594202899	7378.209	0	0
2.77536231884058	7333.92	0	0
2.78260869565217	7471.9	0	0
2.78985507246377	7542.82	0	0
2.79710144927536	7505.659	0	0
2.80434782608696	7345.601	0	0
2.81159420289855	7374.691	0	0
2.81884057971014	7185.326	0	0
2.82608695652174	7451.348	0	0
2.83333333333333	7534.199	0	0
2.84057971014493	7269.661	0	0
2.84782608695652	7256.788	0	0
2.85507246376812	7762.084	0	0
2.86231884057971	7356.24	0	0
2.8695652173913	7396.569	0	0
2.8768115942029	7318.604	0	0
2.88405797101449	7463.104	0	0
2.89130434782609	7544.713	0	0
2.89855072463768	7412.094	0	0
2.90579710144928	7424.726	0	0
2.91304347826087	7486.232	0	0
2.92028985507246	7248.333	0	0
2.92753623188406	7348.21	0	0
2.93478260869565	7596.015	0	0
2.94202898550725	7336.038	0	0
2.94927536231884	7361.442	0	0
2.95652173913043	7332.836	0	0
2.96376811594203	7380.46	0	0
2.97101449275362	7647.233	0	0
2.97826086956522	7227.139	0	0
2.98550724637681	7498.564	0	0
2.99275362318841	7401.947	0	0
3	7452.265	0	0
3.00724637681159	7398.086	0	0
3.01449275362319	7478.704	0	0
3.02173913043478	7408	0	0
3.02898550724638	7572.911	0	0
3.03623188405797	7471.016	0	0
3.04347826086957	7326.241	0	0
3.05072463768116	7331.269	0	0
3.05797101449275	7367.554	0	0
3.06521739130435	7475.619	0	0
3.07246376811594	7239.121	0	0
3.07971014492754	7369.222	0	0
3.08695652173913	7392	0	0
3.09420289855072	7327.75	0	0
3.10144927536232	7268.01	0	0
3.10869565217391	7383.762	0	0
3.11594202898551	7452.265	0	0
3.1231884057971	7273.664	0	0
3.1304347826087	7537.442	0	0
3.13768115942029	7509.903	0	0
3.14492753623188	7715.36	0	0
3.15217391304348	7813.728	0	0
3.15942028985507	7676.907	0	0
3.16666666666667	7533.307	0	0
3.17391304347826	7677.949	0	0
3.18115942028985	7427.769	0	0
3.18840579710145	7397.92	0	0
3.19565217391304	7584	0	0
3.20289855072464	7371.673	0	0
3.21014492753623	7577.738	0	0
3.21739130434783	7391.058	0	0
3.22463768115942	7507.477	0	0
3.23188405797101	7168.442	0	0
3.23913043478261	7552.575	0	0
3.2463768115942	7465.588	0	0
3.2536231884058	7643.072	0	0
3.26086956521739	7303.629	0	0
3.26811594202899	7490.068	0	0
3.27536231884058	7378.776	0	0
3.28260869565217	7562.647	0	0
3.28985507246377	7605.153	0	0
3.29710144927536	7499.714	0	0
3.30434782608696	7504.317	0	0
3.31159420289855	7654.862	0	0
3.31884057971014	7516.031	0	0
3.32608695652174	7330.076	0	0
3.33333333333333	7644.048	0	0
3.34057971014493	7328	0	0
3.34782608695652	7326.241	0	0
3.35507246376812	7288.379	0	0
3.36231884057971	7316.728	0	0
3.3695652173913	7505.592	0	0
3.3768115942029	7392.942	0	0
3.38405797101449	7752.638	0	0
3.39130434782609	7161.763	0	0
3.39855072463768	7524.235	0	0
3.40579710144928	7462.829	0	0
3.41304347826087	7264	0	0
3.42028985507246	7317.428	0	0
3.42753623188406	7331.819	0	0
3.43478260869565	7403.739	0	0
3.44202898550725	7260.673	0	0
3.44927536231884	7377.125	0	0
3.45652173913043	7457.651	0	0
3.46376811594203	7422.074	0	0
3.47101449275362	7471.925	0	0
3.47826086956522	7423.9	0	0
3.48550724637681	7361.125	0	0
3.49275362318841	7433.914	0	0
3.5	7427.902	0	0
3.50724637681159	7442.977	0	0
3.51449275362319	7114.889	0	0
3.52173913043478	7251.752	0	0
3.52898550724638	7550.166	0	0
3.53623188405797	7432.254	0	0
3.54347826086957	7379.043	0	0
3.55072463768116	7529.847	0	0
3.55797101449275	7411.377	0	0
3.56521739130435	7464.646	0	0
3.57246376811594	7491.36	0	0
3.57971014492754	7515.564	0	0
3.58695652173913	7350.103	0	0
3.59420289855072	7209.755	0	0
3.60144927536232	7464.396	0	0
3.60869565217391	7513.347	0	0
3.61594202898551	7566.074	0	0
3.6231884057971	7667.352	0	0
3.6304347826087	7300.252	0	0
3.63768115942029	7361.809	0	0
3.64492753623188	7533.39	0	0
3.65217391304348	7516.098	0	0
3.65942028985507	7502.316	0	0
3.66666666666667	7447.637	0	0
3.67391304347826	7392.717	0	0
3.68115942028985	7495.545	0	0
3.68840579710145	7435.022	0	0
3.69565217391304	7490.593	0	0
3.70289855072464	7177.747	0	0
3.71014492753623	7616.067	0	0
3.71739130434783	7729.901	0	0
3.72463768115942	7714.835	0	0
3.73188405797101	7778.451	0	0
3.73913043478261	7783.254	0	0
3.7463768115942	7553.317	0	0
3.7536231884058	7509.395	0	0
3.76086956521739	7328	0	0
3.76811594202899	8022.203	0	0
3.77536231884058	8367.208	0	0
3.78260869565217	9537.226	0	0
3.78985507246377	10539.981	0	0
3.79710144927536	11679.342	0	0
3.80434782608696	13186.96	0	0
3.81159420289855	12881.409	0	0
3.81884057971014	12011.098	0	0
3.82608695652174	10580.41	0	0
3.83333333333333	9993.363	0	0
3.84057971014493	9296.884	0	0
3.84782608695652	8335.691	0	0
3.85507246376812	8052.594	0	0
3.86231884057971	7568	0	0
3.8695652173913	7836.273	0	0
3.8768115942029	7755.056	0	0
3.88405797101449	7730.209	0	0
3.89130434782609	7680.592	0	0
3.89855072463768	7569.484	0	0
3.90579710144928	7386.389	0	0
3.91304347826087	7339.014	0	0
3.92028985507246	7508.936	0	0
3.92753623188406	7539.543	0	0
3.93478260869565	7327.642	0	0
3.94202898550725	7383.929	0	0
3.94927536231884	7217.15	0	0
3.95652173913043	7432.571	0	0
3.96376811594203	7483.814	0	0
3.97101449275362	7328.3	0	0
3.97826086956522	7250.143	0	0
3.98550724637681	7455.4	0	0
3.99275362318841	7575.921	0	0
4	7650.602	0	0
4.00724637681159	7397.986	0	0
4.01449275362319	7581.14	0	0
4.02173913043478	7497.413	0	0
4.02898550724638	7509.403	0	0
4.03623188405797	7559.187	0	0
4.04347826086957	7302.12	0	0
4.05072463768116	7564.106	0	0
4.05797101449275	7616	0	0
4.06521739130435	7673.938	0	0
4.07246376811594	7565.949	0	0
4.07971014492754	7756.165	0	0
4.08695652173913	7567.65	0	0
4.09420289855072	7537.059	0	0
4.10144927536232	7675.331	0	0
4.10869565217391	7451.623	0	0
4.11594202898551	7544.83	0	0
4.1231884057971	7587.352	0	0
4.1304347826087	7522.852	0	0
4.13768115942029	7494.87	0	0
4.14492753623188	7306.155	0	0
4.15217391304348	7538.618	0	0
4.15942028985507	7594.706	0	0
4.16666666666667	7612.765	0	0
4.17391304347826	7455.85	0	0
4.18115942028986	7362.81	0	0
4.18840579710145	7538.51	0	0
4.19565217391304	7572.419	0	0
4.20289855072464	7296	0	0
4.21014492753623	7547.739	0	0
4.21739130434783	7361.309	0	0
4.22463768115942	7598.799	0	0
4.23188405797101	7851.798	0	0
4.23913043478261	7729.509	0	0
4.2463768115942	7423.892	0	0
4.2536231884058	7523.402	0	0
4.26086956521739	7504.617	0	0
4.26811594202899	7510.812	0	0
4.27536231884058	7557.27	0	0
4.28260869565217	7430.954	0	0
4.28985507246377	7844.386	0	0
4.29710144927536	7226.022	0	0
4.30434782608696	7501.724	0	0
4.31159420289855	7722.014	0	0
4.31884057971014	7657.447	0	0
4.32608695652174	7623.479	0	0
4.33333333333333	7792	0	0
4.34057971014493	7410.034	0	0
4.34782608695652	7445.828	0	0
4.35507246376812	7837.182	0	0
4.36231884057971	7618.776	0	0
4.3695652173913	7755.314	0	0
4.3768115942029	7454.157	0	0
4.38405797101449	7599.049	0	0
4.39130434782609	7424	0	0
4.39855072463768	7277.073	0	0
4.40579710144928	7317.703	0	0
4.41304347826087	7658.08	0	0
4.42028985507246	7821.866	0	0
4.42753623188406	7791.775	0	0
4.43478260869565	7874.935	0	0
4.44202898550725	7890.685	0	0
4.44927536231884	8030.124	0	0
4.45652173913043	8359.32	0	0
4.46376811594203	8218.688	0	0
4.47101449275362	8120.312	0	0
4.47826086956522	7954.426	0	0
4.48550724637681	7849.255	0	0
4.49275362318841	7976.388	0	0
4.5	7575.596	0	0
4.50724637681159	7607.954	0	0
4.51449275362319	7433.488	0	0
4.52173913043478	7507.594	0	0
4.52898550724638	7605.278	0	0
4.53623188405797	7788.857	0	0
4.54347826086957	7666.06	0	0
4.55072463768116	7308.015	0	0
4.55797101449275	7204.269	0	0
4.56521739130435	7664.967	0	0
4.57246376811594	7708.965	0	0
4.57971014492754	7772.932	0	0
4.58695652173913	7157.002	0	0
4.59420289855072	7534.583	0	0
4.60144927536232	7625.697	0	0
4.60869565217391	7316.219	0	0
4.61594202898551	7535.6	0	0
4.6231884057971	7265.667	0	0
4.6304347826087	7536.534	0	0
4.63768115942029	7536.033	0	0
4.64492753623188	7408.8	0	0
4.65217391304348	7758.716	0	0
4.65942028985507	7694.166	0	0
4.66666666666667	7676.532	0	0
4.67391304347826	7549.866	0	0
4.68115942028986	7208.871	0	0
4.68840579710145	7300.402	0	0
4.69565217391304	7260.09	0	0
4.70289855072464	7592.062	0	0
4.71014492753623	7385.305	0	0
4.71739130434783	7662.299	0	0
4.72463768115942	7204.978	0	0
4.73188405797101	7537.334	0	0
4.73913043478261	7367.17	0	0
4.7463768115942	7296.875	0	0
4.7536231884058	7746.927	0	0
4.76086956521739	7428.728	0	0
4.76811594202899	7309.249	0	0
4.77536231884058	7556.836	0	0
4.78260869565217	7459.052	0	0
4.78985507246377	7577.588	0	0
4.79710144927536	7489.476	0	0
4.80434782608696	7515.331	0	0
4.81159420289855	7410.259	0	0
4.81884057971014	7386.614	0	0
4.82608695652174	7624.096	0	0
4.83333333333333	7436.307	0	0
4.84057971014493	7544.913	0	0
4.84782608695652	7530.414	0	0
4.85507246376812	7401.797	0	0
4.86231884057971	7712.325	0	0
4.8695652173913	7754.797	0	0
4.8768115942029	7457.351	0	0
4.88405797101449	7546.847	0	0
4.89130434782609	7624.838	0	0
4.89855072463768	7408.717	0	0
4.90579710144928	7459.485	0	0
4.91304347826087	7536	0	0
4.92028985507246	7679.742	0	0
4.92753623188406	7597.699	0	0
4.93478260869565	7716.135	0	0
4.94202898550725	7597.649	0	0
4.94927536231884	7546.839	0	0
4.95652173913043	7605.703	0	0
4.96376811594203	7730.268	0	0
4.97101449275362	7683.218	0	0
4.97826086956522	7632	0	0
4.98550724637681	7604.478	0	0
4.99275362318841	7206.211	0	0
5	7650.518	0	0
5.00724637681159	7859.752	0	0
5.01449275362319	7913.889	0	0
5.02173913043478	8165.344	0	0
5.02898550724638	8044.665	0	0
5.03623188405797	7854.449	0	0
5.04347826086957	7867.364	0	0
5.05072463768116	7878.945	0	0
5.05797101449275	9007.9	0	0
5.06521739130435	12004.777	0	0
5.07246376811594	17220.51	0	0
5.07971014492754	20985.188	0	0
5.08695652173913	24523.314	0	0
5.09420289855072	29333.229	0	0
5.10144927536232	31311.35	0	0
5.10869565217391	27596.498	0	0
5.11594202898551	20923.139	0	0
5.1231884057971	13893.053	0	0
5.1304347826087	10700.865	0	0
5.13768115942029	8742.486	0	0
5.14492753623188	7900.481	0	0
5.15217391304348	7664.35	0	0
5.15942028985507	7471.041	0	0
5.16666666666667	7793.634	0	0
5.17391304347826	8014.875	0	0
5.18115942028986	7745.984	0	0
5.18840579710145	7644.565	0	0
5.19565217391304	7590.687	0	0
5.20289855072464	7524.244	0	0
5.21014492753623	7580.031	0	0
5.21739130434783	7775.85	0	0
5.22463768115942	7909.937	0	0
5.23188405797101	7613.782	0	0
5.23913043478261	7549.182	0	0
5.2463768115942	7734.687	0	0
5.2536231884058	7726.924	0	0
5.26086956521739	7700.319	0	0
5.26811594202899	7448.796	0	0
5.27536231884058	7667.352	0	0
5.28260869565217	7719.779	0	0
5.28985507246377	7541.253	0	0
5.29710144927536	7620.586	0	0
5.30434782608696	7486.333	0	0
5.31159420289855	7735.346	0	0
5.31884057971014	7652.494	0	0
5.32608695652174	7522.001	0	0
5.33333333333333	7524.044	0	0
5.34057971014493	7652.177	0	0
5.34782608695652	7751.304	0	0
5.35507246376812	7709.707	0	0
5.36231884057971	7767.537	0	0
5.3695652173913	7558.653	0	0
5.3768115942029	7515.522	0	0
5.38405797101449	7706.831	0	0
5.39130434782609	7508.194	0	0
5.39855072463768	7533.507	0	0
5.40579710144928	7706.639	0	0
5.41304347826087	7776.976	0	0
5.42028985507246	7701.161	0	0
5.42753623188406	7431.512	0	0
5.43478260869565	7743.375	0	0
5.44202898550725	7786.53	0	0
5.44927536231884	7660.957	0	0
5.45652173913043	7802.331	0	0
5.46376811594203	7460.486	0	0
5.47101449275362	7507.685	0	0
5.47826086956522	7604.394	0	0
5.48550724637681	7603.693	0	0
5.49275362318841	7489.117	0	0
5.5	7293.849	0	0
5.50724637681159	7448.238	0	0
5.51449275362319	7696	0	0
5.52173913043478	7588.719	0	0
5.52898550724638	7519.266	0	0
5.53623188405797	7643.54	0	0
5.54347826086957	7567.558	0	0
5.55072463768116	7543.121	0	0
5.55797101449275	7615.7	0	0
5.56521739130435	7756.84	0	0
5.57246376811594	7491.06	0	0
5.57971014492754	7502.841	0	0
5.58695652173913	7645.991	0	0
5.59420289855072	7655.162	0	0
5.60144927536232	7838.607	0	0
5.60869565217391	7504.959	0	0
5.61594202898551	7766.137	0	0
5.6231884057971	7787.022	0	0
5.6304347826087	7567.816	0	0
5.63768115942029	7609.13	0	0
5.64492753623188	7418.614	0	0
5.65217391304348	7495.021	0	0
5.65942028985507	7705.296	0	0
5.66666666666667	7566.324	0	0
5.67391304347826	7724.682	0	0
5.68115942028986	7585.968	0	0
5.68840579710145	7597.082	0	0
5.69565217391304	7762.193	0	0
5.70289855072464	7732.853	0	0
5.71014492753623	7977.738	0	0
5.71739130434783	8116.352	0	0
5.72463768115942	8155.206	0	0
5.73188405797101	8382.124	0	0
5.73913043478261	8045.724	0	0
5.7463768115942	7969.084	0	0
5.7536231884058	7855.441	0	0
5.76086956521739	7837.249	0	0
5.76811594202899	7664.358	0	0
5.77536231884058	7422.449	0	0
5.78260869565217	7639.287	0	0
5.78985507246377	7576.905	0	0
5.79710144927536	7776.417	0	0
5.80434782608696	7600.708	0	0
5.81159420289855	7599.274	0	0
5.81884057971014	7652.444	0	0
5.82608695652174	7818.431	0	0
5.83333333333333	7718.503	0	0
5.84057971014493	7575.062	0	0
5.84782608695652	7802.806	0	0
5.85507246376812	7589.053	0	0
5.86231884057971	7699.769	0	0
5.8695652173913	7710.591	0	0
5.8768115942029	7317.145	0	0
5.88405797101449	7753.938	0	0
5.89130434782609	7673.288	0	0
5.89855072463768	7536	0	0
5.90579710144928	7567.425	0	0
5.91304347826087	7511.179	0	0
5.92028985507246	7633.584	0	0
5.92753623188406	7676.898	0	0
5.93478260869565	7633.201	0	0
5.94202898550725	7709.107	0	0
5.94927536231884	7754.072	0	0
5.95652173913043	7394.243	0	0
5.96376811594203	7801.171	0	0
5.97101449275362	7624.979	0	0
5.97826086956522	7694.041	0	0
5.98550724637681	7653.428	0	0
5.99275362318841	7730.285	0	0
6	7645.324	0	0
6.00724637681159	7757.057	0	0
6.01449275362319	7563.781	0	0
6.02173913043478	7660.432	0	0
6.02898550724638	7616.217	0	0
6.03623188405797	7659.581	0	0
6.04347826086957	7534.174	0	0
6.05072463768116	7521.718	0	0
6.05797101449275	7612.356	0	0
6.06521739130435	7703.154	0	0
6.07246376811594	7353.296	0	0
6.07971014492754	7661.69	0	0
6.08695652173913	7791.65	0	0
6.09420289855072	7644.432	0	0
6.10144927536232	7864.488	0	0
6.10869565217391	7758.625	0	0
6.11594202898551	7698.226	0	0
6.1231884057971	7853.44	0	0
6.1304347826087	7737.813	0	0
6.13768115942029	7819.814	0	0
6.14492753623188	7972.552	0	0
6.15217391304348	8109.39	0	0
6.15942028985507	7861.912	0	0
6.16666666666667	7935.716	0	0
6.17391304347826	7887.733	0	0
6.18115942028986	7935.867	0	0
6.18840579710145	7913.722	0	0
6.19565217391304	8174.733	0	0
6.20289855072464	8072.955	0	0
6.21014492753623	7762.468	0	0
6.21739130434783	7717.078	0	0
6.22463768115942	7877.978	0	0
6.23188405797101	8285.148	0	0
6.23913043478261	8140.231	0	0
6.2463768115942	9257.571	0	0
6.2536231884058	8731.998	0	0
6.26086956521739	7916.89	0	0
6.26811594202899	9112.729	0	0
6.27536231884058	8023.871	0	0
6.28260869565217	9709.099	0	0
6.28985507246377	14463.083	0	0
6.29710144927536	16074.806	0	0
6.30434782608696	12021.061	0	0
6.31159420289855	16176.226	0	0
6.31884057971014	22463.717	0	0
6.32608695652174	28528.658	0	0
6.33333333333333	56105.98	0	0
6.34057971014493	65520	0	0
6.34782608695652	65520	0	0
6.35507246376812	65520	0	0
6.36231884057971	65520	0	0
6.3695652173913	65520	0	0
6.3768115942029	65520	0	0
6.38405797101449	65520	0	0
6.39130434782609	65504	0	0
6.39855072463768	44809.723	0	0
6.40579710144928	19336.83	0	0
6.41304347826087	9795.727	0	0
6.42028985507246	9308.323	0	0
6.42753623188406	11858.135	0	0
6.43478260869565	13163.272	0	0
6.44202898550725	11644.474	0	0
6.44927536231884	9885.266	0	0
6.45652173913043	8048.025	0	0
6.46376811594203	8919.479	0	0
6.47101449275362	8837.386	0	0
6.47826086956522	8983.529	0	0
6.48550724637681	8233.813	0	0
6.49275362318841	8211.526	0	0
6.5	7788.874	0	0
6.50724637681159	7816.613	0	0
6.51449275362319	7646.266	0	0
6.52173913043478	7812.094	0	0
6.52898550724638	7688.78	0	0
6.53623188405797	7931.865	0	0
6.54347826086957	7433.388	0	0
6.55072463768116	7555.435	0	0
6.55797101449275	7514.547	0	0
6.56521739130435	7650.91	0	0
6.57246376811594	7549.132	0	0
6.57971014492754	7549.424	0	0
6.58695652173913	7997.474	0	0
6.59420289855072	7768.379	0	0
6.60144927536232	7480.721	0	0
6.60869565217391	7717.228	0	0
6.61594202898551	7738.497	0	0
6.6231884057971	7732.486	0	0
6.6304347826087	7400.346	0	0
6.63768115942029	7557.119	0	0
6.64492753623188	7958.704	0	0
6.65217391304348	7326.783	0	0
6.65942028985507	7720.312	0	0
6.66666666666667	7457.784	0	0
6.67391304347826	7683.852	0	0
6.68115942028986	7591.396	0	0
6.68840579710145	7587.652	0	0
6.69565217391304	7665.776	0	0
6.70289855072464	7676.223	0	0
6.71014492753623	7325.407	0	0
6.71739130434783	7687.871	0	0
6.72463768115942	7640.363	0	0
6.73188405797101	7635.052	0	0
6.73913043478261	7818.097	0	0
6.7463768115942	7748.277	0	0
6.7536231884058	7874.602	0	0
6.76086956521739	7845.395	0	0
6.76811594202899	7457.276	0	0
6.77536231884058	7657.938	0	0
6.78260869565217	7800.946	0	0
6.78985507246377	7614.633	0	0
6.79710144927536	7802.622	0	0
6.80434782608696	7855.183	0	0
6.81159420289855	7779.318	0	0
6.81884057971014	7694.416	0	0
6.82608695652174	7352.121	0	0
6.83333333333333	7844.761	0	0
6.84057971014493	7480.038	0	0
6.84782608695652	7690.922	0	0
6.85507246376812	7812.519	0	0
6.86231884057971	7746.134	0	0
6.8695652173913	7781.645	0	0
6.8768115942029	7812.969	0	0
6.88405797101449	7792.475	0	0
6.89130434782609	7615.149	0	0
6.89855072463768	7540.502	0	0
6.90579710144928	7634.276	0	0
6.91304347826087	7477.228	0	0
6.92028985507246	7467.948	0	0
6.92753623188406	7662.074	0	0
6.93478260869565	7411.377	0	0
6.94202898550725	7727.175	0	0
6.94927536231884	7504.15	0	0
6.95652173913043	7727.625	0	0
6.96376811594203	7425.051	0	0
6.97101449275362	7503.875	0	0
6.97826086956522	7899.272	0	0
6.98550724637681	7597.299	0	0
6.99275362318841	7653.503	0	0
7	7519.35	0	0
7.00724637681159	7996.248	0	0
7.01449275362319	7563.481	0	0
7.02173913043478	7414.653	0	0
7.02898550724638	7798.303	0	0
7.03623188405797	7550.382	0	0
7.04347826086957	7622.878	0	0
7.05072463768116	7734.078	0	0
7.05797101449275	7664.726	0	0
7.06521739130435	7539.102	0	0
7.07246376811594	7550.032	0	0
7.07971014492754	7549.132	0	0
7.08695652173913	8049.192	0	0
7.09420289855072	7543.22	0	0
7.10144927536232	7818.464	0	0
7.10869565217391	7758.791	0	0
7.11594202898551	7959.237	0	0
7.1231884057971	7584.458	0	0
7.1304347826087	7554.451	0	0
7.13768115942029	7579.481	0	0
7.14492753623188	7524.069	0	0
7.15217391304348	7881.989	0	0
7.15942028985507	7790.574	0	0
7.16666666666667	7664	0	0
7.17391304347826	7544.371	0	0
7.18115942028986	7876.486	0	0
7.18840579710145	7376.258	0	0
7.19565217391304	7453.407	0	0
7.20289855072464	7689.563	0	0
7.21014492753623	7553.776	0	0
7.21739130434783	7893.912	0	0
7.22463768115942	7614.016	0	0
7.23188405797101	7904.442	0	0
7.23913043478261	7619.568	0	0
7.2463768115942	7672.312	0	0
7.2536231884058	7527.445	0	0
7.26086956521739	7546.522	0	0
7.26811594202899	7651.585	0	0
7.27536231884058	7663.441	0	0
7.28260869565217	7705.105	0	0
7.28985507246377	7775.149	0	0
7.29710144927536	7846.495	0	0
7.30434782608696	7385.705	0	0
7.31159420289855	7689.521	0	0
7.31884057971014	7704.421	0	0
7.32608695652174	7993.222	0	0
7.33333333333333	7805.374	0	0
7.34057971014493	7696	0	0
7.34782608695652	7597.991	0	0
7.35507246376812	7730.918	0	0
7.36231884057971	7523.735	0	0
7.3695652173913	7576.629	0	0
7.3768115942029	7862.837	0	0
7.38405797101449	7773.766	0	0
7.39130434782609	7714.584	0	0
7.39855072463768	7496.613	0	0
7.40579710144928	7531.773	0	0
7.41304347826087	7808.35	0	0
7.42028985507246	7839.333	0	0
7.42753623188406	7672.471	0	0
7.43478260869565	7527.287	0	0
7.44202898550725	7910.753	0	0
7.44927536231884	7701.695	0	0
7.45652173913043	7647.292	0	0
7.46376811594203	7767.312	0	0
7.47101449275362	7868.423	0	0
7.47826086956522	7800.746	0	0
7.48550724637681	8413.615	0	0
7.49275362318841	9200.834	0	0
7.5	9387.331	0	0
7.50724637681159	9164.173	0	0
7.51449275362319	8465.417	0	0
7.52173913043478	8051.343	0	0
7.52898550724638	9179.932	0	0
7.53623188405797	10844.515	0	0
7.54347826086957	12323.394	0	0
7.55072463768116	13049.78	0	0
7.55797101449275	10195.693	0	0
7.56521739130435	8577.542	0	0
7.57246376811594	13509.861	0	0
7.57971014492754	29552.324	0	0
7.58695652173913	61807.977	0	0
7.59420289855072	65520	0	0
7.60144927536232	65520	0	0
7.60869565217391	65520	0	0
7.61594202898551	65520	0	0
7.6231884057971	65520	0	0
7.6304347826087	65520	0	0
7.63768115942029	65520	0	0
7.64492753623188	65520	0	0
7.65217391304348	65520	0	0
7.65942028985507	46245.793	0	0
7.66666666666667	17458.609	0	0
7.67391304347826	8942.574	0	0
7.68115942028986	9351.304	0	0
7.68840579710145	12287.416	0	0
7.69565217391304	13232	0	0
7.70289855072464	11219.31	0	0
7.71014492753623	9727.366	0	0
7.71739130434783	8389.277	0	0
7.72463768115942	9056	0	0
7.73188405797101	9392.4	0	0
7.73913043478261	9742.258	0	0
7.7463768115942	9507.035	0	0
7.7536231884058	8239.45	0	0
7.76086956521739	8394.422	0	0
7.76811594202899	8060.698	0	0
7.77536231884058	8185.797	0	0
7.78260869565217	8251.456	0	0
7.78985507246377	8404.002	0	0
7.79710144927536	8240	0	0
7.80434782608696	8067.585	0	0
7.81159420289855	7898.706	0	0
7.81884057971014	8014.065	0	0
7.82608695652174	8474.197	0	0
7.83333333333333	8833.609	0	0
7.84057971014493	8449.359	0	0
7.84782608695652	8035.644	0	0
7.85507246376812	7935.141	0	0
7.86231884057971	7688.104	0	0
7.8695652173913	8103.762	0	0
7.8768115942029	7926.812	0	0
7.88405797101449	7947.581	0	0
7.89130434782609	8036.219	0	0
7.89855072463768	7782.528	0	0
7.90579710144928	7743.833	0	0
7.91304347826087	7722.514	0	0
7.92028985507246	7838.466	0	0
7.92753623188406	8062.199	0	0
7.93478260869565	7873.893	0	0
7.94202898550725	7707.714	0	0
7.94927536231884	7707.665	0	0
7.95652173913043	7601	0	0
7.96376811594203	7506.551	0	0
7.97101449275362	7809.943	0	0
7.97826086956522	7745.843	0	0
7.98550724637681	7695.683	0	0
7.99275362318841	7766.145	0	0
8	7848.196	0	0
8.00724637681159	7674.23	0	0
8.01449275362319	7824.617	0	0
8.02173913043478	7749.119	0	0
8.02898550724638	7630.866	0	0
8.03623188405797	7892.169	0	0
8.04347826086956	8013.182	0	0
8.05072463768116	7912.421	0	0
8.05797101449275	7878.145	0	0
8.06521739130435	7775.358	0	0
8.07246376811594	7778.71	0	0
8.07971014492754	7806.232	0	0
8.08695652173913	7542.12	0	0
8.09420289855072	7646.791	0	0
8.10144927536232	8032	0	0
8.10869565217391	7687.479	0	0
8.11594202898551	7655.854	0	0
8.1231884057971	7889.267	0	0
8.1304347826087	7737.163	0	0
8.13768115942029	7943.104	0	0
8.14492753623189	7800.688	0	0
8.15217391304348	7702.045	0	0
8.15942028985507	7996.281	0	0
8.16666666666667	7699.793	0	0
8.17391304347826	7784.429	0	0
8.18115942028986	7734.562	0	0
8.18840579710145	7922.118	0	0
8.19565217391304	7890.785	0	0
8.20289855072464	7761.076	0	0
8.21014492753623	7718.487	0	0
8.21739130434783	7748.402	0	0
8.22463768115942	7804.473	0	0
8.23188405797101	8035.318	0	0
8.23913043478261	8035.685	0	0
8.2463768115942	8254.874	0	0
8.2536231884058	8117.228	0	0
8.26086956521739	8095.683	0	0
8.26811594202899	8123.289	0	0
8.27536231884058	7748.427	0	0
8.28260869565217	7547.281	0	0
8.28985507246377	7734.162	0	0
8.29710144927536	7802.564	0	0
8.30434782608696	7818.681	0	0
8.31159420289855	7795.302	0	0
8.31884057971014	7952.542	0	0
8.32608695652174	7914.639	0	0
8.33333333333333	7828.46	0	0
8.34057971014493	7660.64	0	0
8.34782608695652	7650.359	0	0
8.35507246376812	7690.08	0	0
8.36231884057971	7826.16	0	0
8.3695652173913	7620.46	0	0
8.3768115942029	7872	0	0
8.38405797101449	7719.079	0	0
8.39130434782609	7844.953	0	0
8.39855072463768	7688.396	0	0
8.40579710144928	7768.604	0	0
8.41304347826087	7878.562	0	0
8.42028985507246	8000.092	0	0
8.42753623188406	7912.705	0	0
8.43478260869565	7715.927	0	0
8.44202898550725	7945.122	0	0
8.44927536231884	7698.018	0	0
8.45652173913044	7775.533	0	0
8.46376811594203	7956.861	0	0
8.47101449275362	7964.09	0	0
8.47826086956522	7778.451	0	0
8.48550724637681	7758.708	0	0
8.49275362318841	7626.414	0	0
8.5	7786.431	0	0
8.50724637681159	7525.461	0	0
8.51449275362319	7809.709	0	0
8.52173913043478	7961.847	0	0
8.52898550724638	7791.341	0	0
8.53623188405797	7652.594	0	0
8.54347826086956	7805.173	0	0
8.55072463768116	7633.692	0	0
8.55797101449275	7667.677	0	0
8.56521739130435	7890.785	0	0
8.57246376811594	7831.329	0	0
8.57971014492754	7737.847	0	0
8.58695652173913	7695.191	0	0
8.59420289855072	7737.338	0	0
8.60144927536232	7969.809	0	0
8.60869565217391	8075.464	0	0
8.61594202898551	7549.799	0	0
8.6231884057971	8108.248	0	0
8.6304347826087	8049.067	0	0
8.63768115942029	7879.32	0	0
8.64492753623189	7789.249	0	0
8.65217391304348	8078.891	0	0
8.65942028985507	7665.909	0	0
8.66666666666667	8025.013	0	0
8.67391304347826	7875.168	0	0
8.68115942028986	7584.825	0	0
8.68840579710145	7976.113	0	0
8.69565217391304	7876.094	0	0
8.70289855072464	7783.837	0	0
8.71014492753623	7952	0	0
8.71739130434783	8116.544	0	0
8.72463768115942	8109.09	0	0
8.73188405797101	7808	0	0
8.73913043478261	8083.052	0	0
8.7463768115942	7683.619	0	0
8.7536231884058	7660.665	0	0
8.76086956521739	8038.37	0	0
8.76811594202899	7863.496	0	0
8.77536231884058	7808	0	0
8.78260869565217	7748.21	0	0
8.78985507246377	7910.637	0	0
8.79710144927536	8169.463	0	0
8.80434782608696	8096.275	0	0
8.81159420289855	8303.524	0	0
8.81884057971014	8074.839	0	0
8.82608695652174	7927.887	0	0
8.83333333333333	7962.873	0	0
8.84057971014493	9023.35	0	0
8.84782608695652	11160.454	0	0
8.85507246376812	16341.711	0	0
8.86231884057971	22478.1	0	0
8.8695652173913	29567.35	0	0
8.8768115942029	34476.68	0	0
8.88405797101449	35823.691	0	0
8.89130434782609	35118.883	0	0
8.89855072463768	30986.84	0	0
8.90579710144928	24071.195	0	0
8.91304347826087	17774.307	0	0
8.92028985507246	13230.149	0	0
8.92753623188406	10758.02	0	0
8.93478260869565	8659.735	0	0
8.94202898550725	7924.411	0	0
8.94927536231884	8076.356	0	0
8.95652173913044	8469.678	0	0
8.96376811594203	8700.94	0	0
8.97101449275362	8285.832	0	0
8.97826086956522	8266.089	0	0
8.98550724637681	7939.677	0	0
8.99275362318841	8041.588	0	0
9	8034.118	0	0
9.00724637681159	8145.817	0	0
9.01449275362319	8224.092	0	0
9.02173913043478	7836.023	0	0
9.02898550724638	7876.686	0	0
9.03623188405797	7776.35	0	0
9.04347826086956	7573.62	0	0
9.05072463768116	7721.105	0	0
9.05797101449275	7899.881	0	0
9.06521739130435	7829.669	0	0
9.07246376811594	7934.224	0	0
9.07971014492754	8018.443	0	0
9.08695652173913	8035.327	0	0
9.09420289855072	7728.867	0	0
9.10144927536232	7597.182	0	0
9.10869565217391	8034.593	0	0
9.11594202898551	7881.605	0	0
9.1231884057971	7917.224	0	0
9.1304347826087	7576.096	0	0
9.13768115942029	7788.332	0	0
9.14492753623189	8006.854	0	0
9.15217391304348	8177.292	0	0
9.15942028985507	7741.04	0	0
9.16666666666667	7904	0	0
9.17391304347826	8051.327	0	0
9.18115942028986	8300.257	0	0
9.18840579710145	7498.772	0	0
9.19565217391304	7902.966	0	0
9.20289855072464	7804.265	0	0
9.21014492753623	8125.499	0	0
9.21739130434783	8027.964	0	0
9.22463768115942	8068.752	0	0
9.23188405797101	7745.067	0	0
9.23913043478261	8003.035	0	0
9.2463768115942	7886.499	0	0
9.2536231884058	7871.767	0	0
9.26086956521739	7727.8	0	0
9.26811594202899	7504.417	0	0
9.27536231884058	7680.033	0	0
9.28260869565217	7888.834	0	0
9.28985507246377	7698.801	0	0
9.29710144927536	7888	0	0
9.30434782608696	8149.961	0	0
9.31159420289855	7779.402	0	0
9.31884057971014	7934.333	0	0
9.32608695652174	7922.301	0	0
9.33333333333333	7883.231	0	0
9.34057971014493	8100.394	0	0
9.34782608695652	7563.739	0	0
9.35507246376812	7730.918	0	0
9.36231884057971	7905.267	0	0
9.3695652173913	7781.745	0	0
9.3768115942029	8016.592	0	0
9.38405797101449	7685.161	0	0
9.39130434782609	7734.829	0	0
9.39855072463768	8120.046	0	0
9.40579710144928	8236.39	0	0
9.41304347826087	8155.339	0	0
9.42028985507246	8073.255	0	0
9.42753623188406	7741.007	0	0
9.43478260869565	8026.205	0	0
9.44202898550725	7876.736	0	0
9.44927536231884	8231.32	0	0
9.45652173913044	8149.828	0	0
9.46376811594203	8086.645	0	0
9.47101449275362	7667.543	0	0
9.47826086956522	8113.434	0	0
9.48550724637681	8261.286	0	0
9.49275362318841	8080.659	0	0
9.5	7853.94	0	0
9.50724637681159	7843.61	0	0
9.51449275362319	8071.579	0	0
9.52173913043478	7878.937	0	0
9.52898550724638	8271.883	0	0
9.53623188405797	7889.834	0	0
9.54347826086956	7942.579	0	0
9.55072463768116	8171.248	0	0
9.55797101449275	7966.141	0	0
9.56521739130435	8262.762	0	0
9.57246376811594	7997.182	0	0
9.57971014492754	7929.597	0	0
9.58695652173913	8029.757	0	0
9.59420289855072	7725.048	0	0
9.60144927536232	7734.82	0	0
9.60869565217391	8002.676	0	0
9.61594202898551	7754.23	0	0
9.6231884057971	7998.958	0	0
9.6304347826087	8185.338	0	0
9.63768115942029	7963.723	0	0
9.64492753623189	8035.568	0	0
9.65217391304348	7753.772	0	0
9.65942028985507	8021.261	0	0
9.66666666666667	8002.326	0	0
9.67391304347826	8238.583	0	0
9.68115942028986	7994.139	0	0
9.68840579710145	7881.697	0	0
9.69565217391304	8215.954	0	0
9.70289855072464	8116.544	0	0
9.71014492753623	7863.454	0	0
9.71739130434783	7755.189	0	0
9.72463768115942	7796.644	0	0
9.73188405797101	7903.775	0	0
9.73913043478261	7954.885	0	0
9.7463768115942	7978.28	0	0
9.7536231884058	7976.696	0	0
9.76086956521739	7925.528	0	0
9.76811594202899	7905.176	0	0
9.77536231884058	7897.822	0	0
9.78260869565217	7601.309	0	0
9.78985507246377	8089.363	0	0
9.79710144927536	7926.528	0	0
9.80434782608696	8007.371	0	0
9.81159420289855	8021.353	0	0
9.81884057971014	7947.356	0	0
9.82608695652174	7916.165	0	0
9.83333333333333	7901.49	0	0
9.84057971014493	7751.095	0	0
9.84782608695652	7863.971	0	0
9.85507246376812	7688.212	0	0
9.86231884057971	8084.085	0	0
9.8695652173913	8059.323	0	0
9.8768115942029	7714.968	0	0
9.88405797101449	7895.054	0	0
9.89130434782609	7704.288	0	0
9.89855072463768	8008.979	0	0
9.90579710144928	7975.471	0	0
9.91304347826087	7893.386	0	0
9.92028985507246	7947.656	0	0
9.92753623188406	7833.071	0	0
9.93478260869565	7844.386	0	0
9.94202898550725	7930.464	0	0
9.94927536231884	7691.773	0	0
9.95652173913044	7893.378	0	0
9.96376811594203	8208.283	0	0
9.97101449275362	8024.955	0	0
9.97826086956522	8084.027	0	0
9.98550724637681	7734.295	0	0
9.99275362318841	7789.916	0	0
10	7896.921	0	0
10.0072463768116	8161.484	0	0
10.0144927536232	8046.224	0	0
10.0217391304348	8029.907	0	0
10.0289855072464	7884.79	0	0
10.036231884058	7791.149	0	0
10.0434782608696	7914.614	0	0
10.0507246376812	7947.089	0	0
10.0579710144928	7850.564	0	0
10.0652173913043	7757.265	0	0
10.0724637681159	8019.043	0	0
10.0797101449275	7973.586	0	0
10.0869565217391	7864.363	0	0
10.0942028985507	8011.765	0	0
10.1014492753623	8004.836	0	0
10.1086956521739	8278.137	0	0
10.1159420289855	8083.018	0	0
10.1231884057971	8106.114	0	0
10.1304347826087	8473.271	0	0
10.1376811594203	8429.607	0	0
10.1449275362319	9722.547	0	0
10.1521739130435	10944.142	0	0
10.1594202898551	12397.365	0	0
10.1666666666667	14706.126	0	0
10.1739130434783	16033.593	0	0
10.1811594202899	15944.604	0	0
10.1884057971015	15601.584	0	0
10.195652173913	14431.6	0	0
10.2028985507246	12599.904	0	0
10.2101449275362	11080.654	0	0
10.2173913043478	9614.633	0	0
10.2246376811594	8655.066	0	0
10.231884057971	8325.095	0	0
10.2391304347826	8390.462	0	0
10.2463768115942	8415.158	0	0
10.2536231884058	8293.312	0	0
10.2608695652174	8399.858	0	0
10.268115942029	8402.435	0	0
10.2753623188406	8005.37	0	0
10.2826086956522	7954.935	0	0
10.2898550724638	7867.481	0	0
10.2971014492754	8026.739	0	0
10.304347826087	8191.767	0	0
10.3115942028986	8213.819	0	0
10.3188405797101	8255.608	0	0
10.3260869565217	7917.465	0	0
10.3333333333333	7802.697	0	0
10.3405797101449	7778.518	0	0
10.3478260869565	8072.563	0	0
10.3550724637681	8096.309	0	0
10.3623188405797	7926.878	0	0
10.3695652173913	8061.524	0	0
10.3768115942029	7906.901	0	0
10.3840579710145	8023.688	0	0
10.3913043478261	7831.212	0	0
10.3985507246377	8099.11	0	0
10.4057971014493	7831.512	0	0
10.4130434782609	7906.927	0	0
10.4202898550725	7800.062	0	0
10.4275362318841	8023.987	0	0
10.4347826086957	8280.037	0	0
10.4420289855072	8175.65	0	0
10.4492753623188	7846.487	0	0
10.4565217391304	7762.626	0	0
10.463768115942	7895.445	0	0
10.4710144927536	7851.973	0	0
10.4782608695652	7920.675	0	0
10.4855072463768	8080	0	0
10.4927536231884	8288.559	0	0
10.5	8069.853	0	0
10.5072463768116	7929.613	0	0
10.5144927536232	7862.237	0	0
10.5217391304348	8097.567	0	0
10.5289855072464	8093.249	0	0
10.536231884058	7950.641	0	0
10.5434782608696	8063.758	0	0
10.5507246376812	8120.838	0	0
10.5579710144928	8165.361	0	0
10.5652173913043	7957.628	0	0
10.5724637681159	8204.748	0	0
10.5797101449275	7883.239	0	0
10.5869565217391	8221.315	0	0
10.5942028985507	8258.276	0	0
10.6014492753623	7981.624	0	0
10.6086956521739	8028.381	0	0
10.6159420289855	7909.153	0	0
10.6231884057971	7963.898	0	0
10.6304347826087	8228.895	0	0
10.6376811594203	8084.135	0	0
10.6449275362319	7878.512	0	0
10.6521739130435	7998.157	0	0
10.6594202898551	8153.646	0	0
10.6666666666667	7852.532	0	0
10.6739130434783	7785.088	0	0
10.6811594202899	8149.569	0	0
10.6884057971015	8088.288	0	0
10.695652173913	8022.062	0	0
10.7028985507246	8174.007	0	0
10.7101449275362	7863.754	0	0
10.7173913043478	8250.08	0	0
10.7246376811594	7946.964	0	0
10.731884057971	8105.38	0	0
10.7391304347826	8069.544	0	0
10.7463768115942	7998.416	0	0
10.7536231884058	8137.613	0	0
10.7608695652174	7977.155	0	0
10.768115942029	8032	0	0
10.7753623188406	8003.11	0	0
10.7826086956522	7822.541	0	0
10.7898550724638	8132.085	0	0
10.7971014492754	7901.699	0	0
10.804347826087	8155.99	0	0
10.8115942028986	7856.417	0	0
10.8188405797101	7759.8	0	0
10.8260869565217	7912.788	0	0
10.8333333333333	8042.422	0	0
10.8405797101449	8290.585	0	0
10.8478260869565	7935.558	0	0
10.8550724637681	8053.219	0	0
10.8623188405797	8112.967	0	0
10.8695652173913	7790.257	0	0
10.8768115942029	7990.178	0	0
10.8840579710145	7953.217	0	0
10.8913043478261	7929.405	0	0
10.8985507246377	8034.651	0	0
10.9057971014493	8050.927	0	0
10.9130434782609	8111.375	0	0
10.9202898550725	8115.785	0	0
10.9275362318841	8075.364	0	0
10.9347826086957	8073.872	0	0
10.9420289855072	7889.551	0	0
10.9492753623188	8087.271	0	0
10.9565217391304	8280.788	0	0
10.963768115942	8318.758	0	0
10.9710144927536	8134.345	0	0
10.9782608695652	8202.947	0	0
10.9855072463768	8224.309	0	0
10.9927536231884	8079.116	0	0
11	8118.912	0	0
11.0072463768116	8031.833	0	0
11.0144927536232	8008.238	0	0
11.0217391304348	7952.717	0	0
11.0289855072464	8123.072	0	0
11.036231884058	8064.775	0	0
11.0434782608696	8089.588	0	0
11.0507246376812	8094.841	0	0
11.0579710144928	7992.788	0	0
11.0652173913043	7959.712	0	0
11.0724637681159	7957.361	0	0
11.0797101449275	7861.878	0	0
11.0869565217391	8067.018	0	0
11.0942028985507	7740.332	0	0
11.1014492753623	8143.358	0	0
11.1086956521739	7782.07	0	0
11.1159420289855	8126.241	0	0
11.1231884057971	7830.42	0	0
11.1304347826087	8163.36	0	0
11.1376811594203	7778.168	0	0
11.1449275362319	8309.861	0	0
11.1521739130435	8054.97	0	0
11.1594202898551	8086.562	0	0
11.1666666666667	7927.279	0	0
11.1739130434783	8158.224	0	0
11.1811594202899	7998.908	0	0
11.1884057971014	8179.285	0	0
11.195652173913	8078.966	0	0
11.2028985507246	7941.236	0	0
11.2101449275362	7983.316	0	0
11.2173913043478	8321.926	0	0
11.2246376811594	7861.961	0	0
11.231884057971	7867.056	0	0
11.2391304347826	7753.83	0	0
11.2463768115942	7952	0	0
11.2536231884058	8022.595	0	0
11.2608695652174	7832.488	0	0
11.268115942029	8322.135	0	0
11.2753623188406	7609.813	0	0
11.2826086956522	8132.577	0	0
11.2898550724638	8008.713	0	0
11.2971014492754	7964.056	0	0
11.304347826087	8015.675	0	0
11.3115942028986	8219.723	0	0
11.3188405797101	8132.11	0	0
11.3260869565217	8045.232	0	0
11.3333333333333	8240.5	0	0
11.3405797101449	8117.603	0	0
11.3478260869565	8066.251	0	0
11.3550724637681	8101.011	0	0
11.3623188405797	7983.183	0	0
11.3695652173913	8156.381	0	0
11.3768115942029	7892.377	0	0
11.3840579710145	8289.001	0	0
11.3913043478261	7861.436	0	0
11.3985507246377	8250.038	0	0
11.4057971014493	8262.295	0	0
11.4130434782609	8476.656	0	0
11.4202898550725	8209.159	0	0
11.4275362318841	8053.069	0	0
11.4347826086957	8212.353	0	0
11.4420289855072	8481.734	0	0
11.4492753623188	8141.124	0	0
11.4565217391304	8516.544	0	0
11.463768115942	8162.351	0	0
11.4710144927536	8484.044	0	0
11.4782608695652	8950.203	0	0
11.4855072463768	8945.117	0	0
11.4927536231884	9386.072	0	0
11.5	10293.22	0	0
11.5072463768116	10618.014	0	0
11.5144927536232	11033.389	0	0
11.5217391304348	10941.657	0	0
11.5289855072464	10787.743	0	0
11.536231884058	10847.866	0	0
11.5434782608696	10175.342	0	0
11.5507246376812	9736.763	0	0
11.5579710144928	9177.121	0	0
11.5652173913043	9228.198	0	0
11.5724637681159	8939.664	0	0
11.5797101449275	8607.708	0	0
11.5869565217391	8719.858	0	0
11.5942028985507	8831.416	0	0
11.6014492753623	8289.376	0	0
11.6086956521739	8095.008	0	0
11.6159420289855	8255.041	0	0
11.6231884057971	8099.385	0	0
11.6304347826087	8208.584	0	0
11.6376811594203	7989.47	0	0
11.6449275362319	8079.216	0	0
11.6521739130435	7891.093	0	0
11.6594202898551	7970.459	0	0
11.6666666666667	7786.839	0	0
11.6739130434783	8023.712	0	0
11.6811594202899	8253.432	0	0
11.6884057971014	8060.54	0	0
11.695652173913	7909.52	0	0
11.7028985507246	8084.119	0	0
11.7101449275362	8049.684	0	0
11.7173913043478	8000.059	0	0
11.7246376811594	8252.215	0	0
11.731884057971	8149.828	0	0
11.7391304347826	8097.409	0	0
11.7463768115942	7825.476	0	0
11.7536231884058	7925.703	0	0
11.7608695652174	8193.692	0	0
11.768115942029	8065.092	0	0
11.7753623188406	7745.292	0	0
11.7826086956522	8073.071	0	0
11.7898550724638	8149.569	0	0
11.7971014492754	8323.151	0	0
11.804347826087	8157.432	0	0
11.8115942028986	8164.052	0	0
11.8188405797101	7956.703	0	0
11.8260869565217	8372.077	0	0
11.8333333333333	8372.761	0	0
11.8405797101449	8066.693	0	0
11.8478260869565	8262.903	0	0
11.8550724637681	8135.462	0	0
11.8623188405797	8217.463	0	0
11.8695652173913	8236.573	0	0
11.8768115942029	8112.117	0	0
11.8840579710145	8019.744	0	0
11.8913043478261	7767.021	0	0
11.8985507246377	8293.145	0	0
11.9057971014493	8127.35	0	0
11.9130434782609	7986.843	0	0
11.9202898550725	7926.929	0	0
11.9275362318841	8044.115	0	0
11.9347826086957	8042.464	0	0
11.9420289855072	7709.073	0	0
11.9492753623188	8220.465	0	0
11.9565217391304	8462.624	0	0
11.963768115942	8256.884	0	0
11.9710144927536	7791.858	0	0
11.9782608695652	7896.238	0	0
11.9855072463768	8096.458	0	0
11.9927536231884	7834.139	0	0
12	7689.588	0	0
12.0072463768116	7925.611	0	0
12.0144927536232	7785.205	0	0
12.0217391304348	8061.932	0	0
12.0289855072464	8206.524	0	0
12.036231884058	7928.212	0	0
12.0434782608696	8260.277	0	0
12.0507246376812	8316.74	0	0
12.0579710144928	7987.026	0	0
12.0652173913043	7977.88	0	0
12.0724637681159	8130.151	0	0
12.0797101449275	8402.918	0	0
12.0869565217391	7803.756	0	0
12.0942028985507	7954.935	0	0
12.1014492753623	8154.847	0	0
12.1086956521739	8523.039	0	0
12.1159420289855	7869.148	0	0
12.1231884057971	8177.209	0	0
12.1304347826087	8258.409	0	0
12.1376811594203	8121.73	0	0
12.1449275362319	8347.439	0	0
12.1521739130435	8205.808	0	0
12.1594202898551	8132.619	0	0
12.1666666666667	8159.975	0	0
12.1739130434783	7964.657	0	0
12.1811594202899	8276.844	0	0
12.1884057971015	8251.281	0	0
12.195652173913	7867.806	0	0
12.2028985507246	8420.244	0	0
12.2101449275362	8022.287	0	0
12.2173913043478	8027.656	0	0
12.2246376811594	8174.424	0	0
12.231884057971	8504.013	0	0
12.2391304347826	7888.892	0	0
12.2463768115942	8106.114	0	0
12.2536231884058	8266.931	0	0
12.2608695652174	7917.39	0	0
12.268115942029	8076.165	0	0
12.2753623188406	8157.115	0	0
12.2826086956522	8329.413	0	0
12.2898550724638	8176.442	0	0
12.2971014492754	8334.308	0	0
12.304347826087	8195.502	0	0
12.3115942028986	8150.937	0	0
12.3188405797101	8011.823	0	0
12.3260869565217	8293.095	0	0
12.3333333333333	7995.464	0	0
12.3405797101449	8242.501	0	0
12.3478260869565	8079.2	0	0
12.3550724637681	8192	0	0
12.3623188405797	8015.9	0	0
12.3695652173913	8042.239	0	0
12.3768115942029	8054.887	0	0
12.3840579710145	8038.945	0	0
12.3913043478261	8188.99	0	0
12.3985507246377	8009.622	0	0
12.4057971014493	8369.909	0	0
12.4130434782609	7980.749	0	0
12.4202898550725	8065.659	0	0
12.4275362318841	7935.391	0	0
12.4347826086957	8305.242	0	0
12.4420289855072	7977.263	0	0
12.4492753623188	7841.393	0	0
12.4565217391304	7928.062	0	0
12.463768115942	8318.925	0	0
12.4710144927536	8023.621	0	0
12.4782608695652	7971.594	0	0
12.4855072463768	8225.518	0	0
12.4927536231884	8088.979	0	0
12.5	8010.23	0	0
12.5072463768116	7942.345	0	0
12.5144927536232	8220.765	0	0
12.5217391304348	8127.775	0	0
12.5289855072464	8035.96	0	0
12.536231884058	8010.18	0	0
12.5434782608696	8224.976	0	0
12.5507246376812	7927.871	0	0
12.5579710144928	8055.829	0	0
12.5652173913043	8106.981	0	0
12.5724637681159	8113.109	0	0
12.5797101449275	8059.464	0	0
12.5869565217391	8392.838	0	0
12.5942028985507	7914.289	0	0
12.6014492753623	8240.817	0	0
12.6086956521739	8078.816	0	0
12.6159420289855	7948.24	0	0
12.6231884057971	8235.181	0	0
12.6304347826087	8279.954	0	0
12.6376811594203	8350.491	0	0
12.6449275362319	8136.046	0	0
12.6521739130435	8128	0	0
12.6594202898551	8113.351	0	0
12.6666666666667	8076.99	0	0
12.6739130434783	8240	0	0
12.6811594202899	8069.453	0	0
12.6884057971015	8036.361	0	0
12.695652173913	8090.331	0	0
12.7028985507246	7955.652	0	0
12.7101449275362	8064.392	0	0
12.7173913043478	8161.226	0	0
12.7246376811594	8231.537	0	0
12.731884057971	8142.75	0	0
12.7391304347826	8255.783	0	0
12.7463768115942	8096.1	0	0
12.7536231884058	8031.083	0	0
12.7608695652174	8321.918	0	0
12.768115942029	8173.69	0	0
12.7753623188406	7988.277	0	0
12.7826086956522	7777.476	0	0
12.7898550724638	8064.592	0	0
12.7971014492754	7933.924	0	0
12.804347826087	8198.495	0	0
12.8115942028986	8127.583	0	0
12.8188405797101	8338.977	0	0
12.8260869565217	8273.993	0	0
12.8333333333333	8252.423	0	0
12.8405797101449	8335.107	0	0
12.8478260869565	8435.127	0	0
12.8550724637681	8552.746	0	0
12.8623188405797	8540.74	0	0
12.8695652173913	8708.152	0	0
12.8768115942029	8698.956	0	0
12.8840579710145	8638.107	0	0
12.8913043478261	8729.964	0	0
12.8985507246377	8444.623	0	0
12.9057971014493	8749.157	0	0
12.9130434782609	8912.1	0	0
12.9202898550725	9015.554	0	0
12.9275362318841	8951.888	0	0
12.9347826086957	8870.012	0	0
12.9420289855072	8972.356	0	0
12.9492753623188	8680.121	0	0
12.9565217391304	8823.912	0	0
12.963768115942	8672.408	0	0
12.9710144927536	8591.199	0	0
12.9782608695652	8374.486	0	0
12.9855072463768	8463.533	0	0
12.9927536231884	8286.058	0	0
13	8338.026	0	0
13.0072463768116	8321.968	0	0
13.0144927536232	8451.693	0	0
13.0217391304348	8436.452	0	0
13.0289855072464	8333.382	0	0
13.036231884058	8156.056	0	0
13.0434782608696	8295.812	0	0
13.0507246376812	8063.066	0	0
13.0579710144928	8018.351	0	0
13.0652173913043	8013.515	0	0
13.0724637681159	8035.777	0	0
13.0797101449275	8034.376	0	0
13.0869565217391	8292.694	0	0
13.0942028985507	8122.339	0	0
13.1014492753623	8255.058	0	0
13.1086956521739	8200.972	0	0
13.1159420289855	8048.717	0	0
13.1231884057971	8008.304	0	0
13.1304347826087	7893.645	0	0
13.1376811594203	7796.478	0	0
13.1449275362319	8071.362	0	0
13.1521739130435	7847.554	0	0
13.1594202898551	8000	0	0
13.1666666666667	7944.129	0	0
13.1739130434783	8090.105	0	0
13.1811594202899	7884.031	0	0
13.1884057971015	8050.668	0	0
13.195652173913	8150.42	0	0
13.2028985507246	8222.032	0	0
13.2101449275362	8089.58	0	0
13.2173913043478	8183.762	0	0
13.2246376811594	7880.371	0	0
13.231884057971	7894.354	0	0
13.2391304347826	7658.505	0	0
13.2463768115942	7956.819	0	0
13.2536231884058	8120.93	0	0
13.2608695652174	8169.046	0	0
13.268115942029	7904	0	0
13.2753623188406	8064.25	0	0
13.2826086956522	8024.071	0	0
13.2898550724638	8119.496	0	0
13.2971014492754	7840.492	0	0
13.304347826087	7907.543	0	0
13.3115942028986	7977.43	0	0
13.3188405797101	8138.906	0	0
13.3260869565217	8059.939	0	0
13.3333333333333	8030.85	0	0
13.3405797101449	7925.845	0	0
13.3478260869565	8026.964	0	0
13.3550724637681	8015.208	0	0
13.3623188405797	7903.566	0	0
13.3695652173913	8233.788	0	0
13.3768115942029	8245.569	0	0
13.3840579710145	7886.408	0	0
13.3913043478261	8099.552	0	0
13.3985507246377	8046.975	0	0
13.4057971014493	7937.259	0	0
13.4130434782609	8092.598	0	0
13.4202898550725	8076.332	0	0
13.4275362318841	8277.078	0	0
13.4347826086957	8198.245	0	0
13.4420289855072	8044.832	0	0
13.4492753623188	8173.332	0	0
13.4565217391304	8059.423	0	0
13.463768115942	8098.31	0	0
13.4710144927536	7908.044	0	0
13.4782608695652	7989.903	0	0
13.4855072463768	7884.932	0	0
13.4927536231884	7865.188	0	0
13.5	7823.625	0	0
13.5072463768116	8060.74	0	0
13.5144927536232	7984	0	0
13.5217391304348	7853.073	0	0
13.5289855072464	8090.797	0	0
13.536231884058	8107.589	0	0
13.5434782608696	8043.514	0	0
13.5507246376812	8120.646	0	0
13.5579710144928	7809.618	0	0
13.5652173913043	8278.137	0	0
13.5724637681159	7844.819	0	0
13.5797101449275	7968.242	0	0
13.5869565217391	8129.184	0	0
13.5942028985507	8102.187	0	0
13.6014492753623	8310.787	0	0
13.6086956521739	8347.081	0	0
13.6159420289855	8018.001	0	0
13.6231884057971	8422.637	0	0
13.6304347826087	8046.891	0	0
13.6376811594203	8053.019	0	0
13.6449275362319	7923.602	0	0
13.6521739130435	7899.531	0	0
13.6594202898551	8106.205	0	0
13.6666666666667	8380.698	0	0
13.6739130434783	7745.618	0	0
13.6811594202899	8266.289	0	0
13.6884057971014	8408.471	0	0
13.695652173913	8033.409	0	0
13.7028985507246	7907.61	0	0
13.7101449275362	7971.844	0	0
13.7173913043478	8148.294	0	0
13.7246376811594	8056.496	0	0
13.731884057971	8361.188	0	0
13.7391304347826	8228.603	0	0
13.7463768115942	7760	0	0
13.7536231884058	7836.606	0	0
13.7608695652174	8020.002	0	0
13.768115942029	7869.148	0	0
13.7753623188406	7877.403	0	0
13.7826086956522	8302.299	0	0
13.7898550724638	7983.992	0	0
13.7971014492754	7621.761	0	0
13.804347826087	8082.801	0	0
13.8115942028986	8188.749	0	0
13.8188405797101	7953.801	0	0
13.8260869565217	8169.396	0	0
13.8333333333333	7911.003	0	0
13.8405797101449	8066.251	0	0
13.8478260869565	8180.794	0	0
13.8550724637681	7952.7	0	0
13.8623188405797	7656.104	0	0
13.8695652173913	8187.248	0	0
13.8768115942029	7670.203	0	0
13.8840579710145	7981.299	0	0
13.8913043478261	8080.6	0	0
13.8985507246377	8112.3	0	0
13.9057971014493	0	0	0
