   0        0 000
   1        0 000
   2        0 000
   3        0 000
   4        0 000
   5        0 000
   6        0 000
   7        0 000
   8        0 000
   9        0 000
  10        0 000
  11        0 000
  12        0 000
  13      203 000
  14      420 000
  15      413 000
  16      464 000
  17      464 000
  18      500 000
  19      572 000
  20      614 000
  21      607 000
  22      625 000
  23      699 000
  24      687 000
  25      692 000
  26      764 000
  27      744 000
  28      738 000
  29      835 000
  30      973 000
  31      988 000
  32     1028 000
  33     1138 000
  34     1304 000
  35     1349 000
  36     1481 000
  37     1583 000
  38     1727 000
  39     1846 000
  40     1904 000
  41     2078 001
  42     2183 001
  43     2234 001
  44     2485 001
  45     2503 001
  46     2713 001
  47     2845 001
  48     2694 001
  49     2562 001
  50     2614 001
  51     2556 001
  52     2464 001
  53     2588 001
  54     2476 001
  55     2526 001
  56     2345 001
  57     2416 001
  58     2379 001
  59     2379 001
  60     2346 001
  61     2257 001
  62     2275 001
  63     2223 001
  64     2236 001
  65     2126 000
  66     2073 000
  67     2138 000
  68     2083 000
  69     1989 000
  70     2013 000
  71     1956 000
  72     1916 000
  73     1944 000
  74     1957 000
  75     1873 000
  76     1817 000
  77     1810 000
  78     1803 000
  79     1660 000
  80     1715 000
  81     1670 000
  82     1668 000
  83     1623 000
  84     1543 000
  85     1475 000
  86     1471 000
  87     1509 000
  88     1402 000
  89     1420 000
  90     1359 000
  91     1317 000
  92     1254 000
  93     1351 000
  94     1271 000
  95     1162 000
  96     1293 000
  97     1202 000
  98     1225 000
  99     1107 000
 100     1093 000
 101     1131 000
 102     1065 000
 103     1118 000
 104     1049 000
 105     1028 000
 106      994 000
 107     1023 000
 108     1032 000
 109      932 000
 110      935 000
 111      953 000
 112      919 000
 113      880 000
 114      904 000
 115      821 000
 116      813 000
 117      870 000
 118      794 000
 119      776 000
 120      861 000
 121      839 000
 122      822 000
 123      818 000
 124      811 000
 125      814 000
 126      847 000
 127      785 000
 128      784 000
 129      786 000
 130      738 000
 131      739 000
 132      664 000
 133      656 000
 134      651 000
 135      608 000
 136      585 000
 137      547 000
 138      538 000
 139      489 000
 140      538 000
 141      484 000
 142      530 000
 143      521 000
 144      493 000
 145      467 000
 146      473 000
 147      455 000
 148      461 000
 149      480 000
 150      456 000
 151      445 000
 152      461 000
 153      409 000
 154      468 000
 155      434 000
 156      403 000
 157      361 000
 158      371 000
 159      416 000
 160      375 000
 161      382 000
 162      359 000
 163      375 000
 164      354 000
 165      337 000
 166      351 000
 167      340 000
 168      348 000
 169      296 000
 170      320 000
 171      302 000
 172      319 000
 173      323 000
 174      303 000
 175      303 000
 176      354 000
 177      282 000
 178      306 000
 179      317 000
 180      340 000
 181      330 000
 182      305 000
 183      331 000
 184      298 000
 185      283 000
 186      280 000
 187      267 000
 188      283 000
 189      240 000
 190      249 000
 191      220 000
 192      243 000
 193      227 000
 194      230 000
 195      239 000
 196      207 000
 197      183 000
 198      183 000
 199      177 000
 200      192 000
 201      182 000
 202      193 000
 203      187 000
 204      175 000
 205      172 000
 206      173 000
 207      186 000
 208      167 000
 209      189 000
 210      159 000
 211      171 000
 212      173 000
 213      184 000
 214      173 000
 215      153 000
 216      170 000
 217      173 000
 218      146 000
 219      181 000
 220      136 000
 221      171 000
 222      148 000
 223      150 000
 224      141 000
 225      159 000
 226      154 000
 227      138 000
 228      132 000
 229      146 000
 230      155 000
 231      126 000
 232      146 000
 233      124 000
 234      119 000
 235      135 000
 236      131 000
 237      148 000
 238      147 000
 239      123 000
 240      122 000
 241      118 000
 242      150 000
 243      121 000
 244      109 000
 245      107 000
 246      130 000
 247      132 000
 248      119 000
 249      117 000
 250      105 000
 251      130 000
 252      130 000
 253      116 000
 254      127 000
 255      120 000
 256      130 000
 257      107 000
 258      116 000
 259       99 000
 260       99 000
 261      125 000
 262      116 000
 263      119 000
 264      129 000
 265       96 000
 266      115 000
 267      123 000
 268      110 000
 269      108 000
 270      108 000
 271      106 000
 272      101 000
 273      104 000
 274       90 000
 275      105 000
 276       93 000
 277      104 000
 278       91 000
 279      108 000
 280      111 000
 281       96 000
 282       84 000
 283       99 000
 284       94 000
 285       92 000
 286      100 000
 287       94 000
 288      106 000
 289       74 000
 290      106 000
 291      101 000
 292      117 000
 293      129 000
 294      108 000
 295       99 000
 296      109 000
 297       95 000
 298      124 000
 299      113 000
 300      131 000
 301      111 000
 302      104 000
 303      138 000
 304      107 000
 305      106 000
 306      105 000
 307       87 000
 308      108 000
 309      103 000
 310       85 000
 311       99 000
 312       92 000
 313       99 000
 314       86 000
 315      101 000
 316       77 000
 317      103 000
 318       76 000
 319       80 000
 320       89 000
 321       66 000
 322       64 000
 323       64 000
 324       69 000
 325       67 000
 326       77 000
 327       66 000
 328       58 000
 329       61 000
 330       66 000
 331       55 000
 332       62 000
 333       55 000
 334       65 000
 335       68 000
 336       59 000
 337       55 000
 338       54 000
 339       59 000
 340       79 000
 341       63 000
 342       44 000
 343       54 000
 344       80 000
 345       59 000
 346       80 000
 347       52 000
 348       62 000
 349       57 000
 350       57 000
 351       60 000
 352       65 000
 353       77 000
 354       73 000
 355       52 000
 356       64 000
 357       63 000
 358       66 000
 359       64 000
 360       49 000
 361       61 000
 362       48 000
 363       49 000
 364       61 000
 365       57 000
 366       60 000
 367       52 000
 368       44 000
 369       67 000
 370       70 000
 371       64 000
 372       68 000
 373       58 000
 374       68 000
 375       67 000
 376       51 000
 377       54 000
 378       57 000
 379       54 000
 380       48 000
 381       50 000
 382       53 000
 383       51 000
 384       58 000
 385       44 000
 386       54 000
 387       54 000
 388       54 000
 389       59 000
 390       65 000
 391       31 000
 392       71 000
 393       61 000
 394       64 000
 395       60 000
 396       50 000
 397       42 000
 398       52 000
 399       48 000
 400       51 000
 401       60 000
 402       47 000
 403       50 000
 404       44 000
 405       52 000
 406       51 000
 407       61 000
 408       50 000
 409       61 000
 410       43 000
 411       47 000
 412       42 000
 413       48 000
 414       50 000
 415       38 000
 416       46 000
 417       46 000
 418       41 000
 419       35 000
 420       43 000
 421       44 000
 422       38 000
 423       39 000
 424       50 000
 425       37 000
 426       38 000
 427       27 000
 428       43 000
 429       43 000
 430       47 000
 431       48 000
 432       39 000
 433       39 000
 434       33 000
 435       46 000
 436       59 000
 437       37 000
 438       50 000
 439       39 000
 440       46 000
 441       39 000
 442       46 000
 443       43 000
 444       46 000
 445       53 000
 446       37 000
 447       42 000
 448       53 000
 449       36 000
 450       58 000
 451       45 000
 452       50 000
 453       48 000
 454       56 000
 455       61 000
 456       46 000
 457       50 000
 458       47 000
 459       56 000
 460       44 000
 461       59 000
 462       47 000
 463       49 000
 464       39 000
 465       42 000
 466       59 000
 467       57 000
 468       43 000
 469       54 000
 470       46 000
 471       41 000
 472       36 000
 473       42 000
 474       46 000
 475       53 000
 476       48 000
 477       53 000
 478       35 000
 479       45 000
 480       53 000
 481       28 000
 482       39 000
 483       43 000
 484       49 000
 485       44 000
 486       49 000
 487       35 000
 488       52 000
 489       31 000
 490       20 000
 491       43 000
 492       31 000
 493       35 000
 494       34 000
 495       35 000
 496       26 000
 497       32 000
 498       31 000
 499       24 000
 500       41 000
 501       28 000
 502       34 000
 503       44 000
 504       40 000
 505       31 000
 506       44 000
 507       34 000
 508       33 000
 509       32 000
 510       37 000
 511       29 000
 512       36 000
 513       38 000
 514       39 000
 515       33 000
 516       41 000
 517       42 000
 518       34 000
 519       37 000
 520       38 000
 521       44 000
 522       31 000
 523       32 000
 524       35 000
 525       35 000
 526       26 000
 527       37 000
 528       30 000
 529       29 000
 530       43 000
 531       25 000
 532       36 000
 533       33 000
 534       29 000
 535       35 000
 536       37 000
 537       31 000
 538       40 000
 539       39 000
 540       32 000
 541       33 000
 542       38 000
 543       26 000
 544       24 000
 545       38 000
 546       29 000
 547       36 000
 548       36 000
 549       46 000
 550       49 000
 551       48 000
 552       36 000
 553       42 000
 554       36 000
 555       34 000
 556       39 000
 557       33 000
 558       41 000
 559       43 000
 560       42 000
 561       36 000
 562       38 000
 563       41 000
 564       48 000
 565       39 000
 566       33 000
 567       46 000
 568       36 000
 569       41 000
 570       46 000
 571       27 000
 572       39 000
 573       34 000
 574       30 000
 575       33 000
 576       34 000
 577       35 000
 578       26 000
 579       28 000
 580       42 000
 581       33 000
 582       35 000
 583       31 000
 584       37 000
 585       32 000
 586       37 000
 587       32 000
 588       30 000
 589       29 000
 590       35 000
 591       29 000
 592       36 000
 593       30 000
 594       19 000
 595       37 000
 596       26 000
 597       24 000
 598       30 000
 599       32 000
 600       33 000
 601       27 000
 602       29 000
 603       21 000
 604       16 000
 605       16 000
 606       29 000
 607       23 000
 608       29 000
 609       20 000
 610       27 000
 611       28 000
 612       18 000
 613       17 000
 614       20 000
 615       14 000
 616       14 000
 617       20 000
 618       14 000
 619       21 000
 620       24 000
 621       16 000
 622       18 000
 623       25 000
 624       16 000
 625       17 000
 626       12 000
 627       18 000
 628       12 000
 629       13 000
 630       24 000
 631        6 000
 632       18 000
 633       12 000
 634       15 000
 635       10 000
 636       11 000
 637       12 000
 638       16 000
 639       14 000
 640       18 000
 641       18 000
 642       14 000
 643       13 000
 644       16 000
 645        9 000
 646       16 000
 647       11 000
 648        8 000
 649       15 000
 650       13 000
 651       13 000
 652       11 000
 653       14 000
 654       16 000
 655       11 000
 656       11 000
 657       11 000
 658       13 000
 659       11 000
 660       11 000
 661       12 000
 662       11 000
 663        7 000
 664       13 000
 665       11 000
 666       12 000
 667       10 000
 668       10 000
 669        6 000
 670        9 000
 671        8 000
 672       16 000
 673       14 000
 674        8 002
 675       10 002
 676       14 002
 677       16 002
 678       15 002
 679       19 002
 680        9 002
 681       18 002
 682        8 002
 683       15 002
 684       17 002
 685       21 002
 686       17 002
 687       21 002
 688       11 002
 689       18 002
 690       23 002
 691       23 002
 692       23 002
 693       20 002
 694       24 002
 695       32 002
 696       42 002
 697       41 002
 698       34 002
 699       32 002
 700       35 002
 701       36 002
 702       45 002
 703       35 002
 704       37 002
 705       37 002
 706       48 002
 707       62 002
 708       60 002
 709       64 002
 710       54 002
 711       64 002
 712       61 002
 713       76 002
 714       68 002
 715       73 002
 716       70 002
 717       59 002
 718       57 002
 719       71 002
 720       57 002
 721       68 002
 722       52 002
 723       73 002
 724       77 002
 725       53 002
 726       45 002
 727       57 002
 728       48 002
 729       67 002
 730       40 002
 731       34 002
 732       42 002
 733       41 002
 734       28 002
 735       33 002
 736       29 002
 737       26 002
 738       29 002
 739       15 002
 740       18 002
 741       18 002
 742       10 002
 743       13 002
 744       11 002
 745        9 002
 746       14 002
 747        9 002
 748        7 002
 749       11 002
 750        6 002
 751        7 002
 752        4 002
 753        6 000
 754        4 000
 755        6 000
 756        1 000
 757       11 000
 758        1 000
 759        7 000
 760        6 000
 761        5 000
 762       15 000
 763        2 000
 764        5 000
 765        7 000
 766       11 000
 767        5 000
 768        8 000
 769        5 000
 770        5 000
 771        6 000
 772        8 000
 773        9 000
 774       11 000
 775        3 000
 776        5 000
 777        7 000
 778        6 000
 779        2 000
 780        9 000
 781        6 000
 782       12 000
 783        5 000
 784        7 000
 785        8 000
 786        6 000
 787        3 000
 788        6 000
 789        2 000
 790        2 000
 791        4 000
 792        6 000
 793        6 000
 794        6 000
 795        4 000
 796        4 000
 797        5 000
 798        7 000
 799        3 000
 800        2 000
 801        2 000
 802        5 000
 803        2 000
 804        3 000
 805        1 000
 806        5 000
 807        3 000
 808        3 000
 809        5 000
 810        6 000
 811        6 000
 812        3 000
 813        6 000
 814        3 000
 815        7 000
 816        5 000
 817        4 000
 818        6 000
 819        7 000
 820        3 000
 821        4 000
 822        1 000
 823        4 000
 824        6 000
 825        4 000
 826        1 000
 827        5 000
 828        1 000
 829        6 000
 830        6 000
 831        5 000
 832        2 000
 833        5 000
 834        2 000
 835        4 000
 836        4 000
 837        9 000
 838        5 000
 839        3 000
 840        6 000
 841        3 000
 842       14 000
 843        2 000
 844        8 000
 845        8 000
 846        5 000
 847        2 000
 848        4 000
 849        4 000
 850        7 000
 851        9 000
 852        3 000
 853        2 000
 854        2 000
 855        5 000
 856        2 000
 857        4 000
 858        2 000
 859        4 000
 860        3 000
 861        8 000
 862        5 000
 863        4 000
 864        5 000
 865        5 000
 866        8 000
 867        6 000
 868       10 000
 869        5 000
 870        8 000
 871        5 000
 872        4 000
 873        5 000
 874        3 000
 875        2 000
 876        3 000
 877        5 000
 878        3 000
 879        3 000
 880        1 000
 881        2 000
 882        6 000
 883        4 000
 884        5 000
 885        3 000
 886        1 000
 887        4 000
 888        4 000
 889        5 000
 890        6 000
 891        3 000
 892        4 000
 893        3 000
 894        7 000
 895        4 000
 896        2 000
 897        0 000
 898        3 000
 899        4 000
 900        4 000
 901        3 000
 902        5 000
 903        2 000
 904        2 000
 905        4 000
 906        5 000
 907        0 000
 908        6 000
 909        4 000
 910        3 000
 911        6 000
 912        3 000
 913        3 000
 914        4 000
 915        1 000
 916        5 000
 917        6 000
 918        1 000
 919        1 000
 920        3 000
 921        2 000
 922        4 000
 923        1 000
 924        1 000
 925        5 000
 926        0 000
 927        1 000
 928        3 000
 929        4 000
 930        4 000
 931        3 000
 932        4 000
 933        0 000
 934        1 000
 935        3 000
 936        6 000
 937        5 000
 938        2 000
 939        3 000
 940        1 000
 941        4 000
 942        0 000
 943        3 000
 944        3 000
 945        2 000
 946        3 000
 947        0 000
 948        0 000
 949        5 000
 950        3 000
 951        3 000
 952        3 000
 953        6 000
 954        2 000
 955        4 000
 956        2 000
 957        2 000
 958        5 000
 959        0 000
 960        2 000
 961        3 000
 962        6 000
 963        2 000
 964        2 000
 965        3 000
 966        1 000
 967        1 000
 968        1 000
 969        1 000
 970        0 000
 971        3 000
 972        1 000
 973        0 000
 974        4 000
 975        1 000
 976        1 000
 977        3 000
 978        2 000
 979        3 000
 980        2 000
 981        3 000
 982        1 000
 983        2 000
 984        2 000
 985        3 000
 986        2 000
 987        3 000
 988        1 000
 989        1 000
 990        4 000
 991        1 000
 992        3 000
 993        1 000
 994        1 000
 995        3 000
 996        5 000
 997        3 000
 998        3 000
 999        1 000
1000        3 000
1001        3 000
1002        0 000
1003        2 000
1004        4 000
1005        3 000
1006        2 000
1007        0 000
1008        7 000
1009        5 000
1010        3 000
1011        3 000
1012        2 000
1013        1 000
1014        1 000
1015        5 000
1016        0 000
1017        1 000
1018        2 000
1019        5 000
1020        3 000
1021        2 000
1022        3 000
1023        5 000
