   0        0 000
   1        0 000
   2        0 000
   3        0 000
   4        0 000
   5        0 000
   6        0 000
   7        0 000
   8        0 000
   9        0 000
  10        0 000
  11        0 000
  12        0 000
  13     1344 000
  14     3083 000
  15     3233 000
  16     3316 000
  17     3523 001
  18     3673 001
  19     3891 001
  20     4159 001
  21     4510 001
  22     5184 001
  23     6121 001
  24     7146 001
  25     9806 001
  26    15236 001
  27    26765 001
  28    45876 001
  29    57037 001
  30    43130 001
  31    23669 001
  32    15138 001
  33    10962 001
  34     6786 001
  35     4511 001
  36     3827 001
  37     3757 001
  38     3773 000
  39     3842 000
  40     3843 000
  41     3796 000
  42     3709 000
  43     3814 000
  44     3834 000
  45     3951 000
  46     4083 000
  47     3978 000
  48     4072 000
  49     4038 000
