  0        0 000
   1        0 000
   2        0 000
   3        0 000
   4        0 000
   5        0 000
   6        0 000
   7        0 000
   8        0 000
   9        0 000
  10        0 000
  11        0 000
  12        0 000
  13      500 000
  14     1259 000
  15     1314 000
  16     1399 000
  17     1500 000
  18     1662 000
  19     2083 000
  20     2821 000
  21     4488 000
  22     7890 000
  23    14912 000
  24    31166 000
  25    70748 000
  26   132255 000
  27   140689 000
  28    82298 000
  29    40495 000
  30    23469 000
  31    10691 000
  32     3815 000
  33     1975 000
  34     1779 000
  35     1965 000
  36     2321 000
  37     2851 000
  38     3470 000
  39     4162 000
  40     4999 000
  41     5369 000
  42     5337 000
  43     4738 000
  44     3852 000
  45     3858 000
  46     4559 000
  47     5568 000
  48     6357 000
  49     6547 000
  50     5984 000
  51     5477 000
  52     4526 000
  53     4258 000
  54     4285 000
  55     5720 000
  56     8378 000
  57    13349 000
  58    21618 000
  59    30413 000
  60    35331 000
  61    32100 000
  62    22249 000
  63    12272 000
  64     5884 000
  65     2963 000
  66     1826 000
  67     1678 000
  68     1622 000
  69     1639 000
  70     1604 000
  71     1634 000
  72     1682 000
  73     1557 000
  74     1660 000
  75     1676 000
  76     1658 000
  77     1828 000
  78     1861 000
  79     2021 000
  80     2233 000
  81     2192 000
  82     2324 000
  83     2214 000
  84     2106 000
  85     1881 000
  86     1768 000
  87     1656 000
  88     1628 000
  89     1702 000
  90     1786 000
  91     1756 000
  92     1771 000
  93     1888 000
  94     1924 000
  95     1994 000
  96     2063 000
  97     2174 000
  98     2216 000
  99     2289 000
 100     2411 000
 101     2564 000
 102     2716 000
 103     2713 000
 104     2785 000
 105     2844 000
 106     2855 000
 107     2930 000
 108     2822 000
 109     2744 000
 110     2560 000
 111     2514 000
 112     2294 000
 113     2207 000
 114     2183 000
 115     2060 000
 116     1922 000
 117     1882 000
 118     1749 000
 119     1737 000
 120     1685 000
 121     1694 000
 122     1550 000
 123     1603 000
 124     1592 000
 125     1495 000
 126     1453 000
 127     1381 000
 128     1353 000
 129     1410 000
 130     1268 000
 131     1212 000
 132     1132 000
 133     1143 000
 134     1046 000
 135     1038 000
 136      932 000
 137      949 000
 138      903 000
 139      850 000
 140      801 000
 141      813 000
 142      789 000
 143      820 000
 144      780 000
 145      765 000
 146      722 000
 147      691 000
 148      654 000
 149      710 000
 150      647 000
 151      639 000
 152      601 000
 153      575 000
 154      520 000
 155      513 000
 156      486 000
 157      519 000
 158      491 000
 159      483 000
 160      433 000
 161      440 000
 162      452 000
 163      453 000
 164      449 000
 165      511 000
 166      522 000
 167      604 000
 168      711 000
 169      815 000
 170      895 000
 171     1068 000
 172     1227 000
 173     1332 000
 174     1424 000
 175     1594 000
 176     1634 000
 177     1703 000
 178     1735 000
 179     1728 000
 180     1768 000
 181     1789 000
 182     1779 000
 183     1940 000
 184     1916 000
 185     2054 000
 186     2350 000
 187     2396 000
 188     2535 000
 189     2810 000
 190     2939 000
 191     3136 000
 192     3174 000
 193     3361 000
 194     3269 000
 195     3115 000
 196     3090 000
 197     2930 000
 198     2745 000
 199     2491 000
 200     2093 000
 201     1971 000
 202     1537 000
 203     1406 000
 204     1115 000
 205      984 000
 206      850 000
 207      789 000
 208      800 000
 209      886 000
 210     1056 000
 211     1320 000
 212     1569 000
 213     1941 000
 214     2398 000
 215     2958 000
 216     3516 000
 217     4140 000
 218     4691 000
 219     5250 000
 220     5915 000
 221     6530 000
 222     6861 000
 223     7461 000
 224     7360 000
 225     7521 000
 226     7774 000
 227     7615 000
 228     7378 000
 229     7040 000
 230     6792 000
 231     6207 000
 232     5801 000
 233     5191 000
 234     4579 000
 235     4099 000
 236     3519 000
 237     3115 000
 238     2720 000
 239     2354 000
 240     2029 000
 241     1948 000
 242     1724 000
 243     1564 000
 244     1490 000
 245     1328 000
 246     1310 000
 247     1186 000
 248     1203 000
 249     1113 000
 250      923 000
 251      890 000
 252      755 000
 253      696 000
 254      540 000
 255      527 000
 256      437 000
 257      315 000
 258      329 000
 259      235 000
 260      220 000
 261      185 000
 262      144 000
 263      155 000
 264      147 000
 265      154 000
 266      122 000
 267      136 000
 268      129 000
 269      124 000
 270      135 000
 271      139 000
 272      136 000
 273      156 000
 274      125 000
 275      161 000
 276      146 000
 277      171 000
 278      166 000
 279      179 000
 280      134 000
 281      158 000
 282      162 000
 283      159 000
 284      154 000
 285      140 000
 286      125 000
 287      111 000
 288      117 000
 289      107 000
 290       65 000
 291       74 000
 292       80 000
 293       63 000
 294       49 000
 295       49 000
 296       48 000
 297       39 000
 298       45 000
 299       39 000
 300       36 000
 301       33 000
 302       34 000
 303       34 000
 304       38 000
 305       23 000
 306       40 000
 307       26 000
 308       25 000
 309       28 000
 310       31 000
 311       33 000
 312       28 000
 313       32 000
 314       26 000
 315       36 000
 316       31 000
 317       27 000
 318       20 000
 319       24 000
 320       28 000
 321       20 000
 322       25 000
 323       30 000
 324       24 000
 325       31 000
 326       40 000
 327       14 000
 328       22 000
 329       24 000
 330       28 000
 331       36 000
 332       31 000
 333       22 000
 334       16 000
 335       26 000
 336       23 000
 337       31 000
 338       21 000
 339       26 000
 340       30 000
 341       25 000
 342       23 000
 343       27 000
 344       34 000
 345       19 000
 346       18 000
 347       29 000
 348       27 000
 349       18 000
 350       24 000
 351       23 000
 352       20 000
 353       33 000
 354       21 000
 355       26 000
 356       19 000
 357       23 000
 358       30 000
 359       29 000
 360       24 000
 361       17 000
 362       36 000
 363       22 000
 364       27 000
 365       28 000
 366       27 000
 367       35 000
 368       18 000
 369       30 000
 370       19 000
 371       32 000
 372       31 000
 373       33 000
 374       31 000
 375       22 000
 376       28 000
 377       19 000
 378       31 000
 379       28 000
 380       19 000
 381       29 000
 382       22 000
 383       24 000
 384       25 000
 385       14 000
 386       21 000
 387       16 000
 388       16 000
 389       20 000
 390       26 000
 391       24 000
 392       16 000
 393       16 000
 394       23 000
 395       12 000
 396       21 000
 397       12 000
 398       21 000
 399       10 000
 400       20 000
 401       13 000
 402       22 000
 403       14 000
 404       10 000
 405       19 000
 406       17 000
 407       15 000
 408        6 000
 409       23 000
 410       15 000
 411       13 000
 412       14 000
 413       14 000
 414       14 000
 415       13 000
 416       15 000
 417       12 000
 418       18 000
 419       13 000
 420        7 000
 421       10 000
 422       10 000
 423       20 000
 424       17 000
 425       14 000
 426       18 000
 427       14 000
 428       19 000
 429       18 000
 430       10 000
 431        8 000
 432       11 000
 433       12 000
 434       13 000
 435       12 000
 436       14 000
 437       14 000
 438       14 000
 439       14 000
 440        5 000
 441       15 000
 442       15 000
 443       18 000
 444       18 000
 445       10 000
 446       11 000
 447        8 000
 448        7 000
 449       20 000
 450       18 000
 451       14 000
 452       13 000
 453       12 000
 454        7 000
 455        7 000
 456       15 000
 457       13 000
 458       11 000
 459        7 000
 460       10 000
 461        7 000
 462       11 000
 463       12 000
 464        9 000
 465       10 000
 466        7 000
 467       11 000
 468       10 000
 469       17 000
 470       14 000
 471       12 000
 472       16 000
 473        9 000
 474        9 000
 475       13 000
 476       15 000
 477        7 000
 478       11 000
 479       11 000
 480       11 000
 481       11 000
 482       14 000
 483       18 000
 484       12 000
 485        9 000
 486        5 000
 487        9 000
 488       10 000
 489       12 000
 490        5 000
 491       12 000
 492       10 000
 493       10 000
 494       10 000
 495        8 000
 496        9 000
 497        8 000
 498        7 000
 499       10 000
 500        7 000
 501        5 000
 502       21 000
 503        6 000
 504       14 000
 505        4 000
 506       14 000
 507       16 000
 508       10 000
 509       11 000
 510       13 000
 511       15 000
 512        6 000
 513       12 000
 514       12 000
 515       10 000
 516       11 000
 517       10 000
 518        9 000
 519        7 000
 520       17 000
 521       10 000
 522        6 000
 523       16 000
 524       13 000
 525       11 000
 526       10 000
 527        8 000
 528        9 000
 529       10 000
 530       14 000
 531        4 000
 532       15 000
 533        5 000
 534       17 000
 535        9 000
 536       10 000
 537       10 000
 538       15 000
 539        5 000
 540       10 000
 541       16 000
 542       12 000
 543        9 000
 544       15 000
 545       16 000
 546       19 000
 547       10 000
 548        9 000
 549        8 000
 550        7 000
 551       14 000
 552        9 000
 553       14 000
 554       12 000
 555       10 000
 556        6 000
 557        6 000
 558       14 000
 559        9 000
 560       20 000
 561       12 000
 562       11 000
 563       16 000
 564        6 000
 565        9 000
 566       14 000
 567        6 000
 568       12 000
 569       12 000
 570        8 000
 571        9 000
 572       12 000
 573        6 000
 574        9 000
 575       11 000
 576       12 000
 577        7 000
 578       11 000
 579       10 000
 580        5 000
 581       12 000
 582       16 000
 583        8 000
 584       14 000
 585       13 000
 586        8 000
 587        7 000
 588       10 000
 589        5 000
 590        8 000
 591        8 000
 592        9 000
 593       17 000
 594       13 000
 595        7 000
 596        9 000
 597        7 000
 598        8 000
 599        5 000
 600       13 000
 601       17 000
 602        9 000
 603        2 000
 604       10 000
 605        8 000
 606        7 000
 607        7 000
 608        6 000
 609        4 000
 610       15 000
 611       11 000
 612        6 000
 613        8 000
 614        4 000
 615        5 000
 616        9 000
 617        9 000
 618        1 000
 619        8 000
 620        9 000
 621        5 000
 622       10 000
 623       10 000
 624        5 000
 625        8 000
 626        8 000
 627       10 000
 628        4 000
 629        4 000
 630        5 000
 631        6 000
 632        7 000
 633       13 000
 634        5 000
 635        3 000
 636        4 000
 637       10 000
 638       11 000
 639       11 000
 640        7 000
 641        6 000
 642        2 000
 643        9 000
 644        7 000
 645        7 000
 646        3 000
 647        9 000
 648        4 000
 649        6 000
 650       10 000
 651       11 000
 652        2 000
 653        7 000
 654        7 000
 655        8 000
 656       11 000
 657       13 000
 658        7 000
 659        3 000
 660        9 000
 661        7 000
 662        7 000
 663        7 000
 664        5 000
 665        8 000
 666        7 000
 667       12 000
 668        7 000
 669        7 000
 670        6 000
 671        4 000
 672        6 000
 673        8 000
 674        6 000
 675        6 000
 676       10 000
 677        6 000
 678        8 000
 679       14 000
 680        7 000
 681        7 000
 682        7 000
 683        7 000
 684        6 000
 685        9 000
 686        8 000
 687        7 000
 688        4 000
 689        2 000
 690        9 000
 691       10 000
 692        6 000
 693        6 000
 694        6 000
 695       11 000
 696        9 000
 697        6 000
 698        5 000
 699        9 000
 700        8 000
 701        8 000
 702        4 000
 703        6 000
 704        2 000
 705       11 000
 706        6 000
 707        7 000
 708        4 000
 709        6 000
 710        5 000
 711       11 000
 712        6 000
 713        8 000
 714        8 000
 715       11 000
 716        7 000
 717       10 000
 718        9 000
 719       10 000
 720        9 000
 721        4 000
 722        5 000
 723        6 000
 724        7 000
 725        6 000
 726        3 000
 727        6 000
 728        5 000
 729        5 000
 730        5 000
 731        7 000
 732        6 000
 733       10 000
 734        7 000
 735        6 000
 736        3 000
 737        1 000
 738       12 000
 739        7 000
 740        2 000
 741        7 000
 742        6 000
 743        9 000
 744        3 000
 745        3 000
 746        9 000
 747        2 000
 748        6 000
 749        3 000
 750        7 000
 751        3 000
 752        2 000
 753        3 000
 754        2 000
 755        4 000
 756        3 000
 757        3 000
 758        4 000
 759        2 000
 760        2 000
 761        2 000
 762        4 000
 763        3 000
 764        5 000
 765        4 000
 766        7 000
 767        2 000
 768        1 000
 769        1 000
 770        3 000
 771        1 000
 772        2 000
 773        1 000
 774        6 000
 775        3 000
 776        0 000
 777        2 000
 778        4 000
 779        3 000
 780        1 000
 781        3 000
 782        1 000
 783        1 000
 784        3 000
 785        1 000
 786        3 000
 787        4 000
 788        6 000
 789        5 000
 790        2 000
 791        3 000
 792        1 000
 793        2 000
 794        0 000
 795        4 000
 796        5 000
 797        0 000
 798        2 000
 799        5 000
 800        2 000
 801        0 000
 802        0 000
 803        0 000
 804        4 000
 805        1 000
 806        3 000
 807        0 000
 808        2 000
 809        1 000
 810        0 000
 811        5 000
 812        1 000
 813        5 000
 814        3 000
 815        0 000
 816        3 000
 817        6 000
 818        1 000
 819        2 000
 820        1 000
 821        1 000
 822        2 000
 823        0 000
 824        1 000
 825        1 000
 826        4 000
 827        3 000
 828        5 000
 829        2 000
 830        4 000
 831        5 000
 832        2 000
 833        7 000
 834        3 000
 835        1 000
 836        3 000
 837        5 000
 838        0 000
 839        1 000
 840        4 000
 841        4 000
 842        5 000
 843        5 000
 844        6 000
 845        1 000
 846        6 000
 847       10 000
 848        5 000
 849        6 000
 850        6 000
 851        6 000
 852        7 000
 853       11 000
 854        4 000
 855        8 000
 856        9 000
 857       17 000
 858        9 000
 859        7 000
 860        9 000
 861       11 000
 862       11 000
 863        7 000
 864       10 000
 865       16 000
 866       19 000
 867        9 000
 868       15 000
 869       17 000
 870       16 000
 871       16 000
 872       15 000
 873       12 000
 874       11 000
 875       22 000
 876       11 000
 877       11 000
 878       15 000
 879       16 000
 880       13 000
 881       12 000
 882       24 000
 883       18 000
 884       15 000
 885       13 000
 886        7 000
 887       16 000
 888       10 000
 889       13 000
 890        8 000
 891       21 000
 892       20 000
 893        9 000
 894       14 000
 895        6 000
 896       11 000
 897        6 000
 898        4 000
 899        9 000
 900        6 000
 901        6 000
 902        3 000
 903        1 000
 904        6 000
 905        5 000
 906        0 000
 907        7 000
 908        3 000
 909        4 000
 910        1 000
 911        3 000
 912        2 000
 913        5 000
 914        2 000
 915        3 000
 916        3 000
 917        2 000
 918        1 000
 919        1 000
 920        0 000
 921        0 000
 922        5 000
 923        3 000
 924        1 000
 925        0 000
 926        1 000
 927        0 000
 928        3 000
 929        1 000
 930        0 000
 931        1 000
 932        2 000
 933        0 000
 934        1 000
 935        1 000
 936        1 000
 937        0 000
 938        1 000
 939        0 000
 940        4 000
 941        2 000
 942        0 000
 943        0 000
 944        0 000
 945        2 000
 946        3 000
 947        1 000
 948        0 000
 949        0 000
 950        0 000
 951        2 000
 952        2 000
 953        0 000
 954        2 000
 955        0 000
 956        3 000
 957        1 000
 958        1 000
 959        1 000
 960        0 000
 961        1 000
 962        3 000
 963        2 000
 964        2 000
 965        1 000
 966        0 000
 967        1 000
 968        1 000
 969        2 000
 970        0 000
 971        1 000
 972        0 000
 973        4 000
 974        1 000
 975        3 000
 976        1 000
 977        0 000
 978        2 000
 979        0 000
 980        3 000
 981        1 000
 982        0 000
 983        0 000
 984        2 000
 985        0 000
 986        0 000
 987        1 000
 988        1 000
 989        0 000
 990        2 000
 991        1 000
 992        0 000
 993        1 000
 994        5 000
 995        1 000
 996        1 000
 997        0 000
 998        2 000
 999        0 000
1000        1 000
1001        1 000
1002        2 000
1003        0 000
1004        2 000
1005        0 000
1006        1 000
1007        0 000
1008        1 000
1009        1 000
1010        1 000
1011        3 000
1012        0 000
1013        1 000
1014        0 000
1015        0 000
1016        0 000
1017        0 000
1018        0 000
1019        0 000
1020        1 000
1021        1 000
1022        0 000
1023        0 000
